procom;out;in;self;sum;inout;saldo
001008;4584;2890;1070;8544;7474;-1694
001015;216;418;44;678;634;202
001017;138;198;22;358;336;60
001023;158;249;22;429;407;91
001029;176;68;19;263;244;-108
001030;999;230;186;1415;1229;-769
001033;842;818;224;1884;1660;-24
001036;115;4;16;135;119;-111
001043;479;1405;155;2039;1884;926
001047;1715;1284;759;3758;2999;-431
001066;2412;1479;1030;4921;3891;-933
001067;109;3;13;125;112;-106
001082;6248;6608;3425;16281;12856;360
001083;127;12;10;149;139;-115
001090;14528;13803;3241;31572;28331;-725
001091;86;15;16;117;101;-71
001092;178;667;18;863;845;489
001096;307;139;40;486;446;-168
001098;2172;1738;1005;4915;3910;-434
001101;1524;722;332;2578;2246;-802
001102;625;384;117;1126;1009;-241
001105;210;23;28;261;233;-187
001106;661;213;116;990;874;-448
001107;673;495;374;1542;1168;-178
001109;491;318;77;886;809;-173
001125;3438;8626;4077;16141;12064;5188
001129;387;1280;92;1759;1667;893
001130;4502;5803;1638;11943;10305;1301
001132;516;296;115;927;812;-220
001134;265;51;143;459;316;-214
001135;536;733;82;1351;1269;197
001141;172;323;31;526;495;151
001148;1213;301;254;1768;1514;-912
001150;381;269;74;724;650;-112
001156;14625;14508;5161;34294;29133;-117
001159;279;76;46;401;355;-203
001160;956;288;180;1424;1244;-668
001161;1328;334;364;2026;1662;-994
001162;251;55;34;340;306;-196
001166;2166;566;350;3082;2732;-1600
001167;70; ;11;70 11;70 ;-70
001170;468;250;81;799;718;-218
001176;368;575;76;1019;943;207
001177;258;39;32;329;297;-219
001179;127;308;13;448;435;181
001181;1038;737;199;1974;1775;-301
001185;165;20;18;203;185;-145
001187;225;106;37;368;331;-119
001199;701;311;274;1286;1012;-390
001206;226;102;29;357;328;-124
001216;673;562;188;1423;1235;-111
001217;2990;2548;1396;6934;5538;-442
001223;884;350;124;1358;1234;-534
001225;531;477;111;1119;1008;-54
001230;204;14;43;261;218;-190
001231;600;481;83;1164;1081;-119
001233;152;98;12;262;250;-54
001235;509;94;64;667;603;-415
001236;1886;1132;332;3350;3018;-754
001244;676;1034;230;1940;1710;358
001246;864;409;193;1466;1273;-455
001247;243;23;31;297;266;-220
001248;3418;1908;699;6025;5326;-1510
001249;5551;4168;1158;10877;9719;-1383
001265;11597;12037;5236;28870;23634;440
001269;1660;1081;561;3302;2741;-579
001272;71297;138605;212249;422151;209902;67308
001274;183;344;20;547;527;161
001287;750;1388;277;2415;2138;638
001296;78;108;12;198;186;30
001298;122;66;41;229;188;-56
001311;286;79;98;463;365;-207
001312;151;84;19;254;235;-67
001313;175;43;114;332;218;-132
001314;4089;5332;1559;10980;9421;1243
001316;2514;2201;346;5061;4715;-313
001317;337;75;47;459;412;-262
001318;214;55;98;367;269;-159
004180;936;875;698;2509;1811;-61
001013;3327;4560;1130;9017;7887;1233
001024;4919;4974;1183;11076;9893;55
001025;961;292;200;1453;1253;-669
001026;131;29;43;203;160;-102
001028;3731;3405;772;7908;7136;-326
001034;2694;1750;611;5055;4444;-944
001035;1369;904;324;2597;2273;-465
001038;2601;2038;533;5172;4639;-563
001040;438;579;95;1112;1017;141
001041;362;348;97;807;710;-14
001045;1905;1291;360;3556;3196;-614
001048;1640;1682;480;3802;3322;42
001051;1850;1636;297;3783;3486;-214
001053;824;106;125;1055;930;-718
001058;2289;1051;946;4286;3340;-1238
001059;5450;4208;4905;14563;9658;-1242
001060;485;125;121;731;610;-360
001063;4239;4624;1136;9999;8863;385
001065;656;161;138;955;817;-495
001070;1297;757;647;2701;2054;-540
001071;483;160;112;755;643;-323
001078;7823;5404;5015;18242;13227;-2419
001089;929;86;178;1193;1015;-843
001097;2109;752;618;3479;2861;-1357
001099;2716;1407;671;4794;4123;-1309
001104;803;286;123;1212;1089;-517
001110;805;646;155;1606;1451;-159
001111;155;157;23;335;312;2
001115;3511;1129;1911;6551;4640;-2382
001120;10702;14229;2430;27361;24931;3527
001122;217;66;26;309;283;-151
001127;2930;1581;546;5057;4511;-1349
001139;1414;1845;805;4064;3259;431
001140;158;23;16;197;181;-135
001142;325;118;68;511;443;-207
001164;12890;6601;3391;22882;19491;-6289
001168;2125;1589;661;4375;3714;-536
001171;6213;8905;2014;17132;15118;2692
001173;376;287;47;710;663;-89
001178;464;325;190;979;789;-139
001183;1136;428;210;1774;1564;-708
001184;728;329;190;1247;1057;-399
001189;4710;4876;1163;10749;9586;166
001190;832;286;153;1271;1118;-546
001191;6446;6479;5728;18653;12925;33
001193;1139;992;290;2421;2131;-147
001194;5444;1158;1197;7799;6602;-4286
001195;980;407;184;1571;1387;-573
001197;2653;3250;1092;6995;5903;597
001198;245;52;39;336;297;-193
001200;349;174;35;558;523;-175
001201;115;86;97;298;201;-29
001205;388;33;36;457;421;-355
001211;572;262;71;905;834;-310
001214;6468;7879;1218;15565;14347;1411
001219;11559;13754;4786;30099;25313;2195
001222;611;729;118;1458;1340;118
001227;166;33;48;247;199;-133
001228;1561;1396;287;3244;2957;-165
001229;754;64;108;926;818;-690
001241;1050;217;164;1431;1267;-833
001242;490;139;76;705;629;-351
001250;451;39;55;545;490;-412
001254;1020;774;244;2038;1794;-246
001256;1113;688;281;2082;1801;-425
001257;2829;2273;972;6074;5102;-556
001260;948;690;228;1866;1638;-258
001263;96;213;259;568;309;117
001275;1018;568;353;1939;1586;-450
001276;1154;448;218;1820;1602;-706
001280;3107;2682;698;6487;5789;-425
001284;1246;882;212;2340;2128;-364
001285;299;10;28;337;309;-289
001292;9049;7822;2435;19306;16871;-1227
001299;1244;543;566;2353;1787;-701
001300;1063;525;551;2139;1588;-538
001302;1034;734;190;1958;1768;-300
001306;270;68;83;421;338;-202
001307;904;1395;464;2763;2299;491
001308;1286;1208;322;2816;2494;-78
001309;4613;2175;985;7773;6788;-2438
001310;322;266;78;666;588;-56
001315;2758;1617;526;4901;4375;-1141
002071;994;507;359;1860;1501;-487
002158;5620;8303;10347;24270;13923;2683
004009;1224;553;795;2572;1777;-671
004012;1354;1838;1345;4537;3192;484
004034;2559;1247;1364;5170;3806;-1312
004042;322;50;104;476;372;-272
004073;254;414;529;1197;668;160
004085;498;244;234;976;742;-254
004096;721;574;292;1587;1295;-147
004143;901;929;578;2408;1830;28
004148;767;656;490;1913;1423;-111
004171;273;161;81;515;434;-112
004203;3159;4377;3501;11037;7536;1218
004215;3664;4657;4545;12866;8321;993
004222;1706;656;610;2972;2362;-1050
004240;1622;863;805;3290;2485;-759
005005;7475;9936;19280;36691;17411;2461
005012;709;303;208;1220;1012;-406
005028;494;358;132;984;852;-136
005031;721;582;334;1637;1303;-139
005052;322;374;77;773;696;52
005073;219;68;46;333;287;-151
005101;399;49;37;485;448;-350
005117;710;590;263;1563;1300;-120
005118;1181;2545;874;4600;3726;1364
007045;932;426;271;1629;1358;-506
001019;17;19;19;55;36;2
001054;124;18;63;205;142;-106
001072;213;91;77;381;304;-122
001010;130;16;24;170;146;-114
001014;345;419;98;862;764;74
001020;984;498;121;1603;1482;-486
001027;550;462;152;1164;1012;-88
001031;175;36;33;244;211;-139
001042;285;979;63;1327;1264;694
001056;258;133;43;434;391;-125
001061;444;220;56;720;664;-224
001077;529;109;80;718;638;-420
001095;104;15;17;136;119;-89
001196;356;136;78;570;492;-220
001264;122;99;26;247;221;-23
001266;359;409;127;895;768;50
001295;214;84;39;337;298;-130
001304;260;180;50;490;440;-80
002015;535;230;234;999;765;-305
002042;1095;676;411;2182;1771;-419
002079;280;630;116;1026;910;350
003073;852;620;347;1819;1472;-232
003106;14088;19290;23556;56934;33378;5202
007028;96;29;34;159;125;-67
007071;125;240;587;952;365;115
018107;480;139;106;725;619;-341
022139;5189;3139;3701;12029;8328;-2050
022156;910;270;210;1390;1180;-640
096024;180;47;35;262;227;-133
096080;338;286;99;723;624;-52
001032;556;502;117;1175;1058;-54
001044;1446;617;381;2444;2063;-829
001055;659;253;76;988;912;-406
001062;913;953;191;2057;1866;40
001076;437;150;53;640;587;-287
001080;169;71;55;295;240;-98
001081;458;412;81;951;870;-46
001086;4272;5387;2272;11931;9659;1115
001093;1208;421;298;1927;1629;-787
001094;855;267;199;1321;1122;-588
001112;2806;590;534;3930;3396;-2216
001114;205;21;17;243;226;-184
001116;1415;287;166;1868;1702;-1128
001126;577;196;69;842;773;-381
001146;982;1253;344;2579;2235;271
001147;201;24;23;248;225;-177
001149;212;21;26;259;233;-191
001154;200;39;16;255;239;-161
001175;624;363;541;1528;987;-261
001239;167;141;18;326;308;-26
001240;1576;370;267;2213;1946;-1206
001243;1098;829;154;2081;1927;-269
001245;265;94;34;393;359;-171
001255;1324;997;265;2586;2321;-327
001270;1028;1291;869;3188;2319;263
001282;28;15;29;72;43;-13
001283;425;257;64;746;682;-168
001291;238;80;36;354;318;-158
001303;906;350;122;1378;1256;-556
001305;561;85;100;746;646;-476
004003;4114;14012;8291;26417;18126;9898
004019;769;889;546;2204;1658;120
004059;1392;1142;629;3163;2534;-250
004101;1292;813;247;2352;2105;-479
004133;1117;418;643;2178;1535;-699
004209;484;343;340;1167;827;-141
001002;1086;2013;260;3359;3099;927
001006;1749;1430;606;3785;3179;-319
001016;864;506;202;1572;1370;-358
001022;359;336;681;1376;695;-23
001046;978;515;241;1734;1493;-463
001068;2107;838;384;3329;2945;-1269
001074;97;205;187;489;302;108
001203;517;176;173;866;693;-341
001215;1544;636;290;2470;2180;-908
001220;911;1872;202;2985;2783;961
001237;1305;656;212;2173;1961;-649
001259;136;162;182;480;298;26
001262;415;62;79;556;477;-353
001273;977;3049;138;4164;4026;2072
001286;249;131;26;406;380;-118
001289;264;64;30;358;328;-200
001293;1457;401;234;2092;1858;-1056
001301;367;407;66;840;774;40
002007;446;167;81;694;613;-279
003068;4344;2108;1469;7921;6452;-2236
004075;881;630;320;1831;1511;-251
004115;275;88;167;530;363;-187
004166;728;530;262;1520;1258;-198
005006;118;13;10;141;131;-105
005022;881;582;399;1862;1463;-299
005080;1825;1482;1785;5092;3307;-343
005097;1966;714;949;3629;2680;-1252
005112;702;332;172;1206;1034;-370
005115;239;44;48;331;283;-195
005121;332;205;137;674;537;-127
006177;1661;4244;4992;10897;5905;2583
035020;4249;6572;5901;16722;10821;2323
096012;2298;498;350;3146;2796;-1800
096071;762;843;140;1745;1605;81
108001;4553;11650;1541;17744;16203;7097
001012;330;189;83;602;519;-141
001018;1187;183;155;1525;1370;-1004
001123;118;31;15;164;149;-87
001136;327;129;75;531;456;-198
001144;391;41;39;471;432;-350
001153;135;16;8;159;151;-119
001158;219;91;28;338;310;-128
001163;241;40;41;322;281;-201
001180;378;21;48;447;399;-357
001192;2286;561;485;3332;2847;-1725
002090;275;104;69;448;379;-171
004029;5483;4809;5747;16039;10292;-674
004037;1301;1164;731;3196;2465;-137
004116;1223;762;280;2265;1985;-461
004120;42;3;11;56;45;-39
004179;2307;941;1211;4459;3248;-1366
005002;118;42;38;198;160;-76
005004;131;24;35;190;155;-107
005009;100;12;16;128;112;-88
005018;298;230;46;574;528;-68
005019;82;16;7;105;98;-66
005026;98;45;8;151;143;-53
005035;57;4;5;66;61;-53
005047;163;32;15;210;195;-131
005051;110;25;22;157;135;-85
005062;123;16;12;151;139;-107
005067;260;230;67;557;490;-30
005070;258;31;36;325;289;-227
005084;119;8;24;151;127;-111
005085;64;24;7;95;88;-40
005086;152;57;32;241;209;-95
005087;599;151;76;826;750;-448
005091;112;13;13;138;125;-99
005099;196;261;39;496;457;65
005110;48;45;12;105;93;-3
005114;64;39;8;111;103;-25
006039;3880;5615;7443;16938;9495;1735
015146;98017;384744;362505;845266;482761;286727
096018;870;845;185;1900;1715;-25
096039;207;82;67;356;289;-125
001009;528;1119;186;1833;1647;591
005007;266;490;123;879;756;224
005042;232;368;231;831;600;136
005082;124;43;22;189;167;-81
007052;742;1350;447;2539;2092;608
001100;71;16;10;97;87;-55
001117;194;9;18;221;203;-185
001131;35; ;9;35 9;35 ;-35
001152;182;11;35;228;193;-171
001169;158;16;25;199;174;-142
004062;496;543;260;1299;1039;47
004078;5767;19403;15790;40960;25170;13636
006001;2282;2514;3979;8775;4796;232
006003;8858;14662;22584;46104;23520;5804
007066;1634;490;307;2431;2124;-1144
015189;11423;11504;3561;26488;22927;81
108033;27600;31336;15693;74629;58936;3736
001004;500;113;72;685;613;-387
001143;119;23;15;157;142;-96
001210;248;131;74;453;379;-117
002004;651;286;185;1122;937;-365
002133;1772;1449;940;4161;3221;-323
007034;306;462;122;890;768;156
096002;811;445;169;1425;1256;-366
096010;371;207;34;612;578;-164
096016;878;757;360;1995;1635;-121
096025;156;145;20;321;301;-11
096030;83;37;19;139;120;-46
096035;984;610;261;1855;1594;-374
096041;830;302;102;1234;1132;-528
096054;212;89;45;346;301;-123
096076;371;1687;78;2136;2058;1316
001001;709;479;214;1402;1188;-230
001052;80;2;10;92;82;-78
001079;62;2;8;72;64;-60
001084;72;8;5;85;80;-64
001108;54;5;33;92;59;-49
001133;136;122;23;281;258;-14
001137;371;175;51;597;546;-196
001165;17; ;11;17 11;17 ;-17
001172;205;33;38;276;238;-172
001208;108;56;8;172;164;-52
001221;469;148;113;730;617;-321
001267;216;204;83;503;420;-12
001268;75;1;6;82;76;-74
001278;70;8;20;98;78;-62
003024;4606;5414;3461;13481;10020;808
003049;1657;993;604;3254;2650;-664
001003;86;21;69;176;107;-65
001088;444;14;68;526;458;-430
001113;287;154;64;505;441;-133
001119;297;400;57;754;697;103
001128;1118;1029;544;2691;2147;-89
001155;83; ;12;83 12;83 ;-83
001188;159;90;32;281;249;-69
001218;487;136;67;690;623;-351
001279;126;4;23;153;130;-122
001290;450;341;68;859;791;-109
001124;116;25;13;154;141;-91
007023;613;197;202;1012;810;-416
007073;543;854;345;1742;1397;311
096026;1119;1595;238;2952;2714;476
004041;663;1143;460;2266;1806;480
004103;17; ;4;17 4;17 ;-17
004241;772;474;193;1439;1246;-298
001050;350;234;65;649;584;-116
001057;193;112;41;346;305;-81
001209;111;43;12;166;154;-68
001261;215;398;39;652;613;183
001271;228;28;28;284;256;-200
002116;663;191;123;977;854;-472
007013;151;44;71;266;195;-107
096068;689;530;128;1347;1219;-159
096081;113;30;16;159;143;-83
096088;1671;1957;1677;5305;3628;286
001207;117;16;19;152;133;-101
001232;124;109;64;297;233;-15
001085;98;1;15;114;99;-97
002049;1659;1025;997;3681;2684;-634
007031;1090;351;270;1711;1441;-739
096004;5933;12615;8554;27102;18548;6682
001007;57; ;10;57 10;57 ;-57
001064;575;147;77;799;722;-428
001174;295;121;52;468;416;-174
001252;943;314;188;1445;1257;-629
002067;143;26;13;182;169;-117
002088;263;47;37;347;310;-216
002128;779;1485;503;2767;2264;706
002148;1199;655;800;2654;1854;-544
002150;875;638;268;1781;1513;-237
004025;3356;2393;1374;7123;5749;-963
004040;1803;1149;816;3768;2952;-654
004043;1031;875;605;2511;1906;-156
004045;355;669;152;1176;1024;314
004064;1637;2194;401;4232;3831;557
004065;679;454;229;1362;1133;-225
004067;2280;3663;1542;7485;5943;1383
004071;203;130;64;397;333;-73
004072;697;417;160;1274;1114;-280
004087;146;69;19;234;215;-77
004089;3674;3959;5898;13531;7633;285
004094;104;33;13;150;137;-71
004099;694;660;185;1539;1354;-34
004105;645;927;403;1975;1572;282
004130;2697;5644;5542;13883;8341;2947
004165;617;687;179;1483;1304;70
004169;267;150;83;500;417;-117
004170;1140;364;161;1665;1504;-776
004212;896;1244;238;2378;2140;348
004242;939;302;226;1467;1241;-637
005025;721;712;228;1661;1433;-9
005034;120;200;16;336;320;80
005076;631;502;198;1331;1133;-129
006171;279;380;50;709;659;101
006193;353;109;105;567;462;-244
008031;3705;4861;10596;19162;8566;1156
009029;1330;2120;2320;5770;3450;790
009056;6424;10267;13000;29691;16691;3843
010025;13013;36141;179418;228572;49154;23128
017112;1450;1033;400;2883;2483;-417
018123;1170;580;942;2692;1750;-590
029001;3539;2129;3135;8803;5668;-1410
033011;1869;1087;1075;4031;2956;-782
033040;1660;846;504;3010;2506;-814
034027;18091;34189;61025;113305;52280;16098
001011;202;21;48;271;223;-181
001049;338;781;137;1256;1119;443
001186;131;26;21;178;157;-105
001226;61;9;14;84;70;-52
004058;178;198;75;451;376;20
004244;604;560;411;1575;1164;-44
006061;283;172;40;495;455;-111
007004;286;419;155;860;705;133
007042;124;20;33;177;144;-104
096015;263;493;31;787;756;230
096020;3533;2273;1290;7096;5806;-1260
096027;33;31;5;69;64;-2
096028;367;207;96;670;574;-160
096057;151;55;23;229;206;-96
096058;537;264;114;915;801;-273
096059;834;1196;179;2209;2030;362
096077;2166;2096;574;4836;4262;-70
096082;313;16;39;368;329;-297
096085;791;579;150;1520;1370;-212
001021;435;141;81;657;576;-294
001037;139;37;16;192;176;-102
001213;347;87;49;483;434;-260
001253;572;145;79;796;717;-427
001294;364;80;64;508;444;-284
004202;197;168;83;448;365;-29
004228;172;643;120;935;815;471
005015;243;184;145;572;427;-59
005058;490;499;179;1168;989;9
005095;84;54;23;161;138;-30
006099;43;11;6;60;54;-32
006135;75;36;16;127;111;-39
006154;986;356;338;1680;1342;-630
007014;128;31;48;207;159;-97
007020;936;1055;613;2604;1991;119
007054;1457;1248;304;3009;2705;-209
096049;725;109;109;943;834;-616
103035;1819;2354;890;5063;4173;535
103077;470;349;91;910;819;-121
007029;80;47;32;159;127;-33
007033;70;136;155;361;206;66
007044;401;380;347;1128;781;-21
096056;478;260;66;804;738;-218
001069;658;182;102;942;840;-476
001251;85;169;11;265;254;84
002011;376;622;267;1265;998;246
001039;384;216;72;672;600;-168
002058;259;47;66;372;306;-212
002152;377;668;244;1289;1045;291
004223;801;587;262;1650;1388;-214
005001;350;235;148;733;585;-115
006057;96;84;23;203;180;-12
006059;253;295;144;692;548;42
006072;117;63;28;208;180;-54
006184;62;4;13;79;66;-58
007002;111;112;72;295;223;1
018068;2764;1060;771;4595;3824;-1704
108028;13843;8243;4609;26695;22086;-5600
004028;2566;979;1185;4730;3545;-1587
004061;1832;877;907;3616;2709;-955
004157;629;185;265;1079;814;-444
004158;181;50;42;273;231;-131
005075;269;175;118;562;444;-94
005092;82;27;22;131;109;-55
006113;247;153;147;547;400;-94
001103;97;20;48;165;117;-77
001204;58; ;4;58 4;58 ;-58
004153;111;152;34;297;263;41
005033;201;34;50;285;235;-167
005040;342;61;117;520;403;-281
005045;81;24;8;113;105;-57
005059;529;479;164;1172;1008;-50
002016;2110;3566;2254;7930;5676;1456
002070;177;128;20;325;305;-49
003016;2729;884;883;4496;3613;-1845
003032;2879;3988;1238;8105;6867;1109
003036;661;332;221;1214;993;-329
003108;3701;1847;1657;7205;5548;-1854
003149;5567;2931;1927;10425;8498;-2636
005017;1488;2359;2201;6048;3847;871
005079;49;8;9;66;57;-41
005108;481;327;109;917;808;-154
006027;195;74;32;301;269;-121
006153;393;493;53;939;886;100
006182;98;22;29;149;120;-76
005013;417;641;173;1231;1058;224
022205;8875;36327;37573;82775;45202;27452
001281;24;16;15;55;40;-8
001238;129;59;12;200;188;-70
002082;196;9;26;231;205;-187
007003;3365;9350;8980;21695;12715;5985
007049;487;878;123;1488;1365;391
018086;849;359;107;1315;1208;-490
096047;1099;2383;219;3701;3482;1284
096053;443;279;75;797;722;-164
108034;7386;3866;1425;12677;11252;-3520
001288;19;6;6;31;25;-13
017032;3150;3015;1987;8152;6165;-135
017088;3173;2316;2280;7769;5489;-857
017113;6003;5804;4762;16569;11807;-199
017122;1247;511;313;2071;1758;-736
023057;1006;1143;315;2464;2149;137
001075;53;16;31;100;69;-37
006077;220;84;90;394;304;-136
015010;3795;2271;871;6937;6066;-1524
022048;256;68;134;458;324;-188
002052;90;156;18;264;246;66
002131;414;168;78;660;582;-246
004117;825;655;457;1937;1480;-170
005014;276;149;75;500;425;-127
007007;65;202;334;601;267;137
007011;334;343;66;743;677;9
007018;59;31;49;139;90;-28
007063;964;439;262;1665;1403;-525
004113;760;191;114;1065;951;-569
004200;45;7;6;58;52;-38
004205;142;86;200;428;228;-56
004208;921;322;234;1477;1243;-599
005049;157;7;16;180;164;-150
005071;265;40;43;348;305;-225
006047;1129;934;442;2505;2063;-195
006065;35;1;6;42;36;-34
006142;254;946;167;1367;1200;692
018102;3267;2907;2080;8254;6174;-360
018104;184;50;34;268;234;-134
018110;10779;20680;15061;46520;31459;9901
108023;11824;8530;3606;23960;20354;-3294
004104;242;661;312;1215;903;419
004181;314;45;60;419;359;-269
004081;873;682;783;2338;1555;-191
004110;192;213;266;671;405;21
004140;459;200;132;791;659;-259
004146;221;252;101;574;473;31
004214;401;93;73;567;494;-308
005053;345;454;154;953;799;109
006178;272;50;42;364;322;-222
024047;1272;868;302;2442;2140;-404
002032;172;684;93;949;856;512
002108;148;116;10;274;264;-32
007017;238;119;47;404;357;-119
007037;392;110;85;587;502;-282
007048;141;17;28;186;158;-124
015130;6066;6277;2810;15153;12343;211
096014;112;79;9;200;191;-33
004010;345;216;72;633;561;-129
004092;59;50;15;124;109;-9
005105;41;21;25;87;62;-20
002017;685;609;139;1433;1294;-76
002068;242;193;59;494;435;-49
004002;45;18;14;77;63;-27
004008;217;89;82;388;306;-128
004016;1139;332;213;1684;1471;-807
004046;813;798;127;1738;1611;-15
004051;252;189;108;549;441;-63
004055;232;242;48;522;474;10
004066;925;1145;1045;3115;2070;220
004068;861;475;427;1763;1336;-386
004091;399;219;141;759;618;-180
004108;202;511;74;787;713;309
004121;220;69;45;334;289;-151
004126;415;44;63;522;459;-371
004128;369;655;147;1171;1024;286
004135;265;47;47;359;312;-218
004147;878;305;392;1575;1183;-573
004152;268;436;91;795;704;168
004168;537;384;65;986;921;-153
004175;124;106;25;255;230;-18
004189;433;266;150;849;699;-167
004194;569;730;97;1396;1299;161
004195;107;74;44;225;181;-33
004198;105;144;30;279;249;39
004201;300;68;77;445;368;-232
004211;699;438;243;1380;1137;-261
004213;750;600;693;2043;1350;-150
004217;529;379;298;1206;908;-150
004225;737;354;165;1256;1091;-383
004232;598;374;225;1197;972;-224
004233;218;116;76;410;334;-102
004237;342;299;131;772;641;-43
004239;282;60;96;438;342;-222
004243;963;290;94;1347;1253;-673
004245;1440;958;645;3043;2398;-482
004246;190;139;70;399;329;-51
004250;140;84;58;282;224;-56
005050;1253;896;724;2873;2149;-357
005055;223;26;22;271;249;-197
005093;261;74;30;365;335;-187
005106;147;122;30;299;269;-25
006053;1130;1164;571;2865;2294;34
006133;334;105;80;519;439;-229
006174;3839;6795;5790;16424;10634;2956
009034;1708;1862;1470;5040;3570;154
009049;1226;2677;1317;5220;3903;1451
024088;2292;2158;1035;5485;4450;-134
096006;263;180;32;475;443;-83
096040;1137;646;183;1966;1783;-491
108050;6102;13373;2454;21929;19475;7271
002147;155;233;60;448;388;78
002118;121;36;35;192;157;-85
003122;569;852;132;1553;1421;283
108049;4268;2902;918;8088;7170;-1366
017166;5025;4952;2279;12256;9977;-73
001121;8; ; ;8  ;8 ;-8
001224;44;8;22;74;52;-36
001258;47;17;18;82;64;-30
004086;380;291;218;889;671;-89
007053;210;169;91;470;379;-41
009022;1150;529;405;2084;1679;-621
096063;353;158;72;583;511;-195
096064;235;33;33;301;268;-202
001073;27;18;30;75;45;-9
001212;7;1;2;10;8;-6
007008;649;159;159;967;808;-490
007040;457;164;247;868;621;-293
007051;261;237;48;546;498;-24
012083;2631;2028;603;5262;4659;-603
035012;5640;4795;2240;12675;10435;-845
096042;394;165;60;619;559;-229
096086;120;36;20;176;156;-84
005089;459;63;84;606;522;-396
007065;791;922;646;2359;1713;131
096083;303;98;30;431;401;-205
005038;69;44;6;119;113;-25
006011;305;136;68;509;441;-169
006117;53;12;8;73;65;-41
004077;23;29;14;66;52;6
006161;271;165;105;541;436;-106
001202;29;25;48;102;54;-4
001118;32;8;19;59;40;-24
005039;105;26;17;148;131;-79
001087;18;40;36;94;58;22
007001;65; ;8;65 8;65 ;-65
007019;785;716;190;1691;1501;-69
002072;210;101;54;365;311;-109
003018;351;1695;129;2175;2046;1344
004080;1151;904;344;2399;2055;-247
004095;338;306;548;1192;644;-32
004100;695;597;109;1401;1292;-98
004118;440;295;108;843;735;-145
004142;766;820;190;1776;1586;54
004176;614;200;194;1008;814;-414
004219;88;16;24;128;104;-72
005008;78;43;16;137;121;-35
005023;315;97;47;459;412;-218
005044;57;8;6;71;65;-49
005066;451;156;216;823;607;-295
005069;489;507;394;1390;996;18
005109;206;50;53;309;256;-156
006021;648;723;154;1525;1371;75
006051;469;165;53;687;634;-304
006116;78;45;19;142;123;-33
006123;382;154;58;594;536;-228
006138;1427;826;252;2505;2253;-601
006150;84;25;19;128;109;-59
006151;954;312;347;1613;1266;-642
006173;371;208;76;655;579;-163
011023;1114;359;227;1700;1473;-755
016049;1323;768;260;2351;2091;-555
108020;2871;1321;372;4564;4192;-1550
108051;2042;2577;495;5114;4619;535
017126;692;404;163;1259;1096;-288
002059;146;209;41;396;355;63
002093;414;66;49;529;480;-348
002142;361;107;50;518;468;-254
002163;95;85;26;206;180;-10
003045;358;94;46;498;452;-264
003066;742;1285;194;2221;2027;543
003131;1732;878;441;3051;2610;-854
003141;340;116;51;507;456;-224
003166;1561;2077;467;4105;3638;516
004247;454;248;134;836;702;-206
005010;68;62;16;146;130;-6
005107;38;5;5;48;43;-33
006097;238;158;55;451;396;-80
006149;474;121;60;655;595;-353
007043;571;141;100;812;712;-430
017052;4307;4083;2719;11109;8390;-224
018022;140;25;41;206;165;-115
018191;234;27;23;284;261;-207
034032;4410;963;2944;8317;5373;-3447
096065;262;272;48;582;534;10
108012;10368;5826;2707;18901;16194;-4542
108024;7697;5685;2444;15826;13382;-2012
108026;2781;1513;438;4732;4294;-1268
007056;48;2;12;62;50;-46
007057;354;43;61;458;397;-311
007072;357;106;91;554;463;-251
003026;882;909;211;2002;1791;27
006004;180;31;43;254;211;-149
015182;12776;15252;5265;33293;28028;2476
022241;543;277;258;1078;820;-266
035033;17750;31188;50200;99138;48938;13438
002021;233;99;66;398;332;-134
002031;348;1209;50;1607;1557;861
002047;208;56;21;285;264;-152
002054;322;82;54;458;404;-240
002061;1603;1208;1185;3996;2811;-395
004022;1423;618;305;2346;2041;-805
004027;134;291;79;504;425;157
004069;51;1;11;63;52;-50
004074;141;197;198;536;338;56
004084;147;84;78;309;231;-63
004107;196;197;86;479;393;1
004132;399;339;370;1108;738;-60
004192;818;329;153;1300;1147;-489
005016;97;23;16;136;120;-74
005074;205;158;25;388;363;-47
005090;217;33;21;271;250;-184
005119;107;40;15;162;147;-67
006068;539;379;147;1065;918;-160
006076;352;383;152;887;735;31
006091;323;114;86;523;437;-209
006163;419;226;87;732;645;-193
006168;490;147;114;751;637;-343
006192;436;114;82;632;550;-322
008027;712;1475;858;3045;2187;763
013005;692;205;88;985;897;-487
013133;3032;1947;553;5532;4979;-1085
013216;292;142;94;528;434;-150
017077;3152;2335;1418;6905;5487;-817
018177;9116;7312;12292;28720;16428;-1804
022161;5656;9386;9061;24103;15042;3730
023051;2694;1459;751;4904;4153;-1235
035027;2432;3509;1770;7711;5941;1077
036023;17764;45016;54310;117090;62780;27252
045011;2588;1036;844;4468;3624;-1552
058091;61376;277242;810634;1149252;338618;215866
096046;594;377;108;1079;971;-217
097021;678;1061;204;1943;1739;383
002104;230;392;34;656;622;162
005020;108;50;44;202;158;-58
003097;424;167;37;628;591;-257
016055;1674;1266;280;3220;2940;-408
028060;25799;71292;47627;144718;97091;45493
096007;560;277;111;948;837;-283
096069;62; ;5;62 5;62 ;-62
108019;11904;5220;3105;20229;17124;-6684
108040;7651;2272;1405;11328;9923;-5379
002164;440;39;89;568;479;-401
004013;162;344;116;622;506;182
004032;78;4;8;90;82;-74
004038;13;7;10;30;20;-6
004082;1493;1191;1023;3707;2684;-302
004093;199;48;14;261;247;-151
004114;534;558;221;1313;1092;24
004163;1602;879;515;2996;2481;-723
004187;480;319;99;898;799;-161
004190;506;200;220;926;706;-306
004230;212;188;109;509;400;-24
005046;62;16;15;93;78;-46
006115;308;673;105;1086;981;365
006141;358;355;100;813;713;-3
007058;1081;1731;303;3115;2812;650
009024;1009;770;646;2425;1779;-239
012026;17775;18300;11507;47582;36075;525
015002;7837;4475;4091;16403;12312;-3362
016038;2437;2741;551;5729;5178;304
017144;679;452;252;1383;1131;-227
018052;406;238;152;796;644;-168
018079;85;31;21;137;116;-54
020030;6534;20827;11643;39004;27361;14293
023091;26672;52419;68633;147724;79091;25747
035040;6444;3520;3839;13803;9964;-2924
049009;11603;12187;42818;66608;23790;584
103006;177;178;97;452;355;1
103010;116;58;30;204;174;-58
103017;402;550;668;1620;952;148
103060;116;62;49;227;178;-54
103072;3286;6365;6571;16222;9651;3079
103075;1393;1210;530;3133;2603;-183
108039;12432;8647;4572;25651;21079;-3785
002065;84;108;17;209;192;24
002156;1059;1505;1313;3877;2564;446
003001;492;203;74;769;695;-289
003051;172;44;19;235;216;-128
005029;188;76;54;318;264;-112
006060;145;475;13;633;620;330
006121;1815;2048;1854;5717;3863;233
007012;112;126;164;402;238;14
007015;266;151;52;469;417;-115
007030;588;287;137;1012;875;-301
007032;20;107;58;185;127;87
007036;100;53;26;179;153;-47
007038;252;102;43;397;354;-150
007050;44;8;8;60;52;-36
007060;409;134;69;612;543;-275
009001;1106;1778;1999;4883;2884;672
013075;11594;28869;15328;55791;40463;17275
015116;7416;8854;2557;18827;16270;1438
096001;90;10;6;106;100;-80
096019;426;75;77;578;501;-351
096032;514;678;124;1316;1192;164
096034;155;46;19;220;201;-109
096044;48;9;7;64;57;-39
096066;318;18;29;365;336;-300
096074;272;18;20;310;290;-254
097068;778;554;89;1421;1332;-224
103048;282;114;40;436;396;-168
108025;2528;1253;509;4290;3781;-1275
108029;2420;1626;386;4432;4046;-794
108036;1906;1534;294;3734;3440;-372
108045;4406;2866;783;8055;7272;-1540
108052;1772;2037;286;4095;3809;265
096050;466;573;164;1203;1039;107
016037;2864;1918;508;5290;4782;-946
004149;98;75;58;231;173;-23
004220;151;34;32;217;185;-117
006172;240;201;36;477;441;-39
002137;1240;1125;421;2786;2365;-115
003130;905;1488;445;2838;2393;583
003135;587;3659;168;4414;4246;3072
004136;205;239;93;537;444;34
004150;71;44;33;148;115;-27
004210;412;372;151;935;784;-40
005072;59;14;32;105;73;-45
006114;4850;5693;4554;15097;10543;843
006144;338;155;103;596;493;-183
006160;1265;3513;670;5448;4778;2248
006164;59;25;8;92;84;-34
007067;84;82;75;241;166;-2
012070;12210;16199;6388;34797;28409;3989
015012;5326;2822;1215;9363;8148;-2504
015096;2484;1831;623;4938;4315;-653
015151;2435;312;577;3324;2747;-2123
016144;3203;2681;883;6767;5884;-522
016153;3890;3820;949;8659;7710;-70
018014;878;291;174;1343;1169;-587
018024;2209;1739;928;4876;3948;-470
018026;332;260;52;644;592;-72
018046;2013;445;274;2732;2458;-1568
018092;422;193;88;703;615;-229
018100;430;182;122;734;612;-248
018109;495;1358;170;2023;1853;863
018134;144;33;43;220;177;-111
018143;427;343;312;1082;770;-84
018152;154;97;20;271;251;-57
023073;4235;8158;2240;14633;12393;3923
035010;1538;1112;516;3166;2650;-426
096023;104;50;15;169;154;-54
097009;1031;2044;298;3373;3075;1013
097083;3090;2462;1047;6599;5552;-628
017029;23421;60013;50522;133956;83434;36592
004248;95;176;120;391;271;81
003037;309;201;45;555;510;-108
002089;52;13;10;75;65;-39
002122;229;99;87;415;328;-130
003040;484;524;70;1078;1008;40
003104;261;101;27;389;362;-160
003153;326;382;45;753;708;56
004020;139;38;29;206;177;-101
004023;17;21;8;46;38;4
004030;99;64;10;173;163;-35
004035;125;173;45;343;298;48
004052;85;1;11;97;86;-84
004137;152;42;27;221;194;-110
004159;34;15;26;75;49;-19
004199;136;78;22;236;214;-58
004218;138;246;78;462;384;108
004234;225;78;62;365;303;-147
005003;267;63;40;370;330;-204
005041;73;24;21;118;97;-49
005048;123;227;42;392;350;104
005056;126;131;30;287;257;5
005061;42;27;16;85;69;-15
005068;161;110;114;385;271;-51
005096;270;269;151;690;539;-1
005100;275;380;69;724;655;105
005116;232;157;38;427;389;-75
006009;1639;890;584;3113;2529;-749
006017;424;264;149;837;688;-160
006036;128;22;49;199;150;-106
006109;347;40;54;441;387;-307
006134;98;109;36;243;207;11
009004;2436;941;675;4052;3377;-1495
009012;801;714;380;1895;1515;-87
010059;2684;3349;2875;8908;6033;665
018047;318;96;82;496;414;-222
018182;6597;5682;6919;19198;12279;-915
022135;270;50;83;403;320;-220
023082;4204;3705;1717;9626;7909;-499
033021;2799;3792;2827;9418;6591;993
033032;11898;21824;26488;60210;33722;9926
034014;5055;5062;5403;15520;10117;7
037053;6830;3854;4244;14928;10684;-2976
063023;11864;10048;6850;28762;21912;-1816
097044;1674;1531;269;3474;3205;-143
098040;802;921;107;1830;1723;119
007027;553;263;109;925;816;-290
038006;2424;2202;4458;9084;4626;-222
003043;2686;1977;974;5637;4663;-709
003058;881;337;128;1346;1218;-544
006019;141;72;15;228;213;-69
006179;199;185;81;465;384;-14
016131;1402;1054;213;2669;2456;-348
020052;1828;834;708;3370;2662;-994
001234;10;7;7;24;17;-3
001157;9; ;3;9 3;9 ;-9
035026;1851;1819;1240;4910;3670;-32
003008;2860;2551;1566;6977;5411;-309
003095;694;188;124;1006;882;-506
004129;175;315;37;527;490;140
004156;15;9;7;31;24;-6
004224;15;38;13;66;53;23
006063;271;124;55;450;395;-147
006081;1091;588;443;2122;1679;-503
006118;31;13;9;53;44;-18
007039;22;9;8;39;31;-13
011007;248;641;238;1127;889;393
016020;1353;734;267;2354;2087;-619
018088;1272;822;888;2982;2094;-450
018138;963;2046;819;3828;3009;1083
038008;12885;16954;35340;65179;29839;4069
096003;405;383;39;827;788;-22
100005;25251;24498;52893;102642;49749;-753
103028;2478;3278;3147;8903;5756;800
020034;1152;749;469;2370;1901;-403
096005;248;36;33;317;284;-212
001145;11;3;3;17;14;-8
003121;676;534;148;1358;1210;-142
003154;1410;991;410;2811;2401;-419
005036;174;123;34;331;297;-51
006031;76;21;13;110;97;-55
006043;573;248;259;1080;821;-325
018146;331;113;124;568;444;-218
096037;439;173;58;670;612;-266
096087;673;1130;111;1914;1803;457
098031;9085;12971;7828;29884;22056;3886
004079;382;222;244;848;604;-160
004122;65;42;23;130;107;-23
004154;18;2;8;28;20;-16
004172;17;59;40;116;76;42
005111;85;9;8;102;94;-76
063006;3370;2212;3062;8644;5582;-1158
097039;874;140;95;1109;1014;-734
108035;7020;5217;1688;13925;12237;-1803
004197;201;608;125;934;809;407
045010;7215;9792;14981;31988;17007;2577
017057;1440;1095;230;2765;2535;-345
002009;58;220;21;299;278;162
004144;547;282;199;1028;829;-265
004238;164;1358;44;1566;1522;1194
005103;151;230;15;396;381;79
108009;3830;3049;772;7651;6879;-781
004011;138;249;81;468;387;111
004017;22;13;11;46;35;-9
006050;134;55;17;206;189;-79
018121;490;153;69;712;643;-337
024057;3490;3930;1994;9414;7420;440
005057;116;58;49;223;174;-58
018005;411;471;102;984;882;60
096031;183;181;29;393;364;-2
096038;172;61;19;252;233;-111
004014;173;135;41;349;308;-38
004050;61;66;38;165;127;5
004125;177;62;29;268;239;-115
004145;127;58;106;291;185;-69
006018;542;357;131;1030;899;-185
006180;555;581;156;1292;1136;26
013084;1043;911;197;2151;1954;-132
015041;4530;1753;893;7176;6283;-2777
015157;5617;5774;1456;12847;11391;157
015166;13147;9520;3880;26547;22667;-3627
016052;1056;217;142;1415;1273;-839
016183;5319;2804;2512;10635;8123;-2515
023044;4316;6589;5042;15947;10905;2273
023087;1109;883;702;2694;1992;-226
024116;15558;35462;25161;76181;51020;19904
026010;3839;2982;723;7544;6821;-857
034016;1722;2779;579;5080;4501;1057
037060;5722;8533;2062;16317;14255;2811
097053;915;248;111;1274;1163;-667
108008;4577;2816;1234;8627;7393;-1761
024103;2555;1550;543;4648;4105;-1005
108015;5054;5762;1657;12473;10816;708
007041;51;105;210;366;156;54
003143;816;563;217;1596;1379;-253
003119;244;88;43;375;332;-156
108018;2294;1320;303;3917;3614;-974
003158;625;109;112;846;734;-516
017065;3161;3381;2396;8938;6542;220
016004;4268;3827;2475;10570;8095;-441
096067;84; ;6;84 6;84 ;-84
003134;213;34;34;281;247;-179
016024;20480;43930;23522;87932;64410;23450
003002;214;98;49;361;312;-116
003109;726;405;107;1238;1131;-321
004024;120;15;30;165;135;-105
005120;132;49;37;218;181;-83
018113;389;281;148;818;670;-108
018126;58;6;11;75;64;-52
019005;1454;2028;408;3890;3482;574
108027;10194;4076;2372;16642;14270;-6118
005024;93;154;99;346;247;61
004151;226;431;79;736;657;205
011011;2248;799;532;3579;3047;-1449
045003;7945;5890;12818;26653;13835;-2055
046028;2596;1818;1522;5936;4414;-778
103051;967;449;298;1714;1416;-518
022116;1410;1432;735;3577;2842;22
002107;938;1118;405;2461;2056;180
002115;119;9;10;138;128;-110
003047;412;344;81;837;756;-68
003065;549;291;148;988;840;-258
003084;440;342;230;1012;782;-98
003138;181;151;30;362;332;-30
004049;454;487;117;1058;941;33
004090;147;57;77;281;204;-90
004186;67;40;58;165;107;-27
005077;250;163;83;496;413;-87
006056;143;52;18;213;195;-91
006073;398;138;67;603;536;-260
007016;9;36;15;60;45;27
015027;10581;5860;2582;19023;16441;-4721
015087;6193;4817;1465;12475;11010;-1376
015209;20985;19283;6471;46739;40268;-1702
016091;6810;6215;2157;15182;13025;-595
016178;1843;1301;287;3431;3144;-542
017192;1119;294;235;1648;1413;-825
020057;4098;2282;828;7208;6380;-1816
103019;1152;593;180;1925;1745;-559
108006;2242;2087;525;4854;4329;-155
108054;4749;3211;1176;9136;7960;-1538
002006;166;220;110;496;386;54
002008;35;5;4;44;40;-30
002030;273;66;59;398;339;-207
002033;69;12;9;90;81;-57
002045;23;31;8;62;54;8
002062;187;185;37;409;372;-2
002091;78;22;12;112;100;-56
002126;59;64;9;132;123;5
003006;540;175;180;895;715;-365
003021;400;312;55;767;712;-88
003022;374;131;59;564;505;-243
003023;501;375;163;1039;876;-126
003025;1518;769;403;2690;2287;-749
003027;350;250;69;669;600;-100
003030;836;422;148;1406;1258;-414
003039;314;85;42;441;399;-229
003041;272;148;36;456;420;-124
003052;410;184;53;647;594;-226
003055;475;445;88;1008;920;-30
003060;437;199;69;705;636;-238
003062;680;757;188;1625;1437;77
003069;515;119;43;677;634;-396
003076;1427;2073;651;4151;3500;646
003077;428;163;80;671;591;-265
003079;1153;582;385;2120;1735;-571
003082;1269;918;398;2585;2187;-351
003093;283;56;80;419;339;-227
003100;592;1128;284;2004;1720;536
003116;428;136;91;655;564;-292
003120;316;690;194;1200;1006;374
003129;272;18;31;321;290;-254
003133;577;1746;634;2957;2323;1169
003139;387;123;91;601;510;-264
003159;245;814;62;1121;1059;569
004001;20;12;29;61;32;-8
004018;87;42;32;161;129;-45
004033;269;80;94;443;349;-189
004047;21;5;14;40;26;-16
004056;149;113;159;421;262;-36
004057;118;61;56;235;179;-57
004063;108;61;21;190;169;-47
004070;10;10;12;32;20;0
004088;71;20;18;109;91;-51
004106;98;19;31;148;117;-79
004131;130;82;51;263;212;-48
004138;75;6;6;87;81;-69
004139;121;44;35;200;165;-77
004141;58;142;13;213;200;84
004155;210;77;194;481;287;-133
004160;55;9;10;74;64;-46
004173;45;16;15;76;61;-29
004177;163;16;35;214;179;-147
004178;75;8;27;110;83;-67
004183;16; ;3;16 3;16 ;-16
004185;526;456;228;1210;982;-70
004188;28;4;7;39;32;-24
004191;284;71;22;377;355;-213
004196;306;218;81;605;524;-88
004204;13; ;15;13 15;13 ;-13
004226;25;34;12;71;59;9
004227;119;27;22;168;146;-92
004249;65;17;34;116;82;-48
005011;132;121;133;386;253;-11
005030;155;183;54;392;338;28
005037;65;45;45;155;110;-20
005054;106;28;37;171;134;-78
005060;57;67;44;168;124;10
005063;165;58;26;249;223;-107
005065;155;177;124;456;332;22
005083;105;77;18;200;182;-28
005088;31;11;10;52;42;-20
005113;80;93;93;266;173;13
006007;88;50;26;164;138;-38
006012;540;729;158;1427;1269;189
006013;468;89;72;629;557;-379
006014;146;467;24;637;613;321
006015;166;53;34;253;219;-113
006020;390;295;109;794;685;-95
006026;124;42;18;184;166;-82
006029;419;616;175;1210;1035;197
006037;321;184;55;560;505;-137
006048;25;7;5;37;32;-18
006049;493;168;95;756;661;-325
006052;148;52;30;230;200;-96
006058;84;16;13;113;100;-68
006074;208;85;26;319;293;-123
006075;575;153;70;798;728;-422
006078;252;20;33;305;272;-232
006082;191;72;24;287;263;-119
006092;340;80;54;474;420;-260
006094;296;214;80;590;510;-82
006095;593;168;93;854;761;-425
006101;158;160;26;344;318;2
006104;134;54;32;220;188;-80
006106;106;48;52;206;154;-58
006108;66;24;18;108;90;-42
006112;127;35;46;208;162;-92
006120;138;95;46;279;233;-43
006122;328;110;79;517;438;-218
006127;458;37;32;527;495;-421
006128;374;38;32;444;412;-336
006129;277;23;21;321;300;-254
006132;830;434;309;1573;1264;-396
006140;448;327;134;909;775;-121
006145;102;6;11;119;108;-96
006152;170;55;21;246;225;-115
006156;90;67;14;171;157;-23
006158;371;100;49;520;471;-271
006159;138;162;42;342;300;24
006162;521;438;145;1104;959;-83
006167;779;204;97;1080;983;-575
006169;447;298;91;836;745;-149
006170;190;60;26;276;250;-130
006175;81;34;10;125;115;-47
006181;938;348;184;1470;1286;-590
006185;476;474;147;1097;950;-2
006186;195;85;22;302;280;-110
006187;278;113;63;454;391;-165
006188;324;74;70;468;398;-250
007006;81;129;20;230;210;48
007021;106;90;370;566;196;-16
007022;176;900;693;1769;1076;724
007024;130;48;54;232;178;-82
007046;43;8;9;60;51;-35
007061;81;20;40;141;101;-61
007062;47;17;11;75;64;-30
007069;182;50;54;286;232;-132
007074;355;426;136;917;781;71
008017;197;238;86;521;435;41
008021;293;57;76;426;350;-236
008022;143;27;30;200;170;-116
008024;209;54;25;288;263;-155
008025;166;37;34;237;203;-129
008045;672;483;202;1357;1155;-189
008050;606;394;257;1257;1000;-212
008052;528;657;351;1536;1185;129
008054;264;267;126;657;531;3
008055;3362;4754;12917;21033;8116;1392
008056;480;399;184;1063;879;-81
008059;2202;2035;2397;6634;4237;-167
009002;2755;3884;5033;11672;6639;1129
009003;1403;734;296;2433;2137;-669
009006;917;606;1410;2933;1523;-311
009010;323;310;51;684;633;-13
009011;839;99;105;1043;938;-740
009013;472;356;168;996;828;-116
009015;1838;2959;2625;7422;4797;1121
009017;180;79;274;533;259;-101
009018;1373;1070;473;2916;2443;-303
009023;815;237;192;1244;1052;-578
009025;552;476;188;1216;1028;-76
009026;326;236;45;607;562;-90
009030;394;91;96;581;485;-303
009033;236;420;234;890;656;184
009038;696;669;445;1810;1365;-27
009042;504;332;249;1085;836;-172
009052;2037;691;373;3101;2728;-1346
009057;624;617;428;1669;1241;-7
009061;781;260;197;1238;1041;-521
009062;810;208;139;1157;1018;-602
009064;1792;3139;1030;5961;4931;1347
009065;2146;1271;1821;5238;3417;-875
010001;2242;2308;1539;6089;4550;66
010003;782;139;108;1029;921;-643
010004;1175;509;286;1970;1684;-666
010007;1101;698;421;2220;1799;-403
010008;656;517;300;1473;1173;-139
010009;1844;756;478;3078;2600;-1088
010010;1012;1852;415;3279;2864;840
010011;1962;703;516;3181;2665;-1259
010015;4239;6224;4671;15134;10463;1985
010017;2121;545;905;3571;2666;-1576
010028;2750;2017;1198;5965;4767;-733
010034;395;177;94;666;572;-218
010035;1097;299;178;1574;1396;-798
010046;4345;2326;5018;11689;6671;-2019
010047;2070;1224;1005;4299;3294;-846
010049;1073;505;356;1934;1578;-568
010054;1215;1717;1414;4346;2932;502
010055;1724;743;315;2782;2467;-981
010058;2367;792;483;3642;3159;-1575
011002;2904;1623;584;5111;4527;-1281
011013;1898;1428;429;3755;3326;-470
011015;6958;17602;26059;50619;24560;10644
011020;2364;900;543;3807;3264;-1464
011022;687;521;349;1557;1208;-166
011027;4274;5476;3292;13042;9750;1202
012003;1211;868;462;2541;2079;-343
012012;1715;1174;377;3266;2889;-541
012013;2277;1731;665;4673;4008;-546
012029;2407;993;448;3848;3400;-1414
012032;4914;3076;974;8964;7990;-1838
012033;2135;773;327;3235;2908;-1362
012034;5868;4917;1401;12186;10785;-951
012039;1912;810;288;3010;2722;-1102
012040;6132;3859;1649;11640;9991;-2273
012042;4022;5564;920;10506;9586;1542
012055;834;591;120;1545;1425;-243
012067;3944;1637;764;6345;5581;-2307
012072;2386;2415;700;5501;4801;29
012086;561;745;428;1734;1306;184
012096;3925;1636;1097;6658;5561;-2289
012108;3962;3293;814;8069;7255;-669
012118;4880;4291;1076;10247;9171;-589
012119;9394;9856;4179;23429;19250;462
012120;2577;3156;1330;7063;5733;579
012121;1147;1999;336;3482;3146;852
012123;4615;7183;2118;13916;11798;2568
012127;4785;4200;1919;10904;8985;-585
012133;11192;26499;14790;52481;37691;15307
012138;2327;3143;886;6356;5470;816
013010;2032;2044;546;4622;4076;12
013012;1622;1505;331;3458;3127;-117
013036;2481;1623;423;4527;4104;-858
013041;8856;7484;6074;22414;16340;-1372
013045;909;978;143;2030;1887;69
013048;2220;922;364;3506;3142;-1298
013095;3713;6295;2080;12088;10008;2582
013097;787;322;118;1227;1109;-465
013131;1368;639;204;2211;2007;-729
013138;2596;2110;673;5379;4706;-486
013143;7061;4776;2647;14484;11837;-2285
013159;2593;1493;581;4667;4086;-1100
013227;2891;2732;760;6383;5623;-159
013242;1193;1261;279;2733;2454;68
014018;1077;1227;1171;3475;2304;150
014045;2483;2810;1940;7233;5293;327
015005;1498;1513;335;3346;3011;15
015007;2245;859;389;3493;3104;-1386
015009;5262;5466;1264;11992;10728;204
015011;2987;15291;624;18902;18278;12304
015016;1283;861;148;2292;2144;-422
015024;2071;2040;516;4627;4111;-31
015026;1180;670;323;2173;1850;-510
015032;7612;4217;1566;13395;11829;-3395
015036;8357;6314;1725;16396;14671;-2043
015038;1421;792;271;2484;2213;-629
015046;4142;1851;624;6617;5993;-2291
015051;5036;4811;1382;11229;9847;-225
015055;1399;1074;196;2669;2473;-325
015059;5314;1995;1755;9064;7309;-3319
015062;2743;2373;1241;6357;5116;-370
015070;9967;11031;2976;23974;20998;1064
015072;4628;3083;944;8655;7711;-1545
015074;7057;3896;1537;12490;10953;-3161
015076;4901;1055;624;6580;5956;-3846
015077;19694;13428;6407;39529;33122;-6266
015078;1791;466;249;2506;2257;-1325
015081;12887;11656;3780;28323;24543;-1231
015085;5895;3282;1391;10568;9177;-2613
015086;6307;4248;1260;11815;10555;-2059
015093;10146;7623;2063;19832;17769;-2523
015097;1534;2726;274;4534;4260;1192
015098;5225;3398;1137;9760;8623;-1827
015099;2294;564;289;3147;2858;-1730
015103;2791;1979;731;5501;4770;-812
015105;7634;5369;1875;14878;13003;-2265
015106;3152;2533;489;6174;5685;-619
015108;6449;3257;1495;11201;9706;-3192
015113;2461;1411;589;4461;3872;-1050
015115;2788;1867;724;5379;4655;-921
015118;15308;13254;6678;35240;28562;-2054
015125;3308;1618;590;5516;4926;-1690
015131;2985;1959;695;5639;4944;-1026
015134;2005;1425;383;3813;3430;-580
015139;4180;1684;576;6440;5864;-2496
015140;5023;2855;1418;9296;7878;-2168
015144;1493;918;217;2628;2411;-575
015154;4970;5293;1170;11433;10263;323
015159;3946;3573;1117;8636;7519;-373
015164;1438;1137;277;2852;2575;-301
015168;8482;4065;2273;14820;12547;-4417
015169;3649;1465;616;5730;5114;-2184
015170;3593;6072;882;10547;9665;2479
015171;7440;10396;1813;19649;17836;2956
015173;5225;4043;854;10122;9268;-1182
015175;10645;7524;2662;20831;18169;-3121
015176;2706;2269;553;5528;4975;-437
015178;2943;1761;518;5222;4704;-1182
015179;2359;2473;486;5318;4832;114
015181;4313;3071;1156;8540;7384;-1242
015183;1304;917;500;2721;2221;-387
015184;2287;962;373;3622;3249;-1325
015185;1493;2362;225;4080;3855;869
015188;1774;1578;431;3783;3352;-196
015192;7712;15061;3127;25900;22773;7349
015194;2214;1252;307;3773;3466;-962
015195;10852;10193;3386;24431;21045;-659
015200;1694;815;259;2768;2509;-879
015201;2695;1695;408;4798;4390;-1000
015204;4236;1441;654;6331;5677;-2795
015205;10289;17134;2908;30331;27423;6845
015206;6549;3911;1631;12091;10460;-2638
015211;6405;6457;1496;14358;12862;52
015213;4427;2987;984;8398;7414;-1440
015220;6352;6868;1826;15046;13220;516
015221;3296;4095;1133;8524;7391;799
015222;1460;2474;236;4170;3934;1014
015226;1863;1078;701;3642;2941;-785
015229;3350;799;340;4489;4149;-2551
015236;1155;643;159;1957;1798;-512
015242;5492;5032;937;11461;10524;-460
015243;2870;2702;559;6131;5572;-168
015247;2436;1455;372;4263;3891;-981
015250;3598;3187;581;7366;6785;-411
015251;2114;722;312;3148;2836;-1392
016008;4154;2328;934;7416;6482;-1826
016011;1660;644;235;2539;2304;-1016
016013;889;228;125;1242;1117;-661
016016;2450;3198;442;6090;5648;748
016018;1496;2107;254;3857;3603;611
016021;727;613;86;1426;1340;-114
016047;1451;802;211;2464;2253;-649
016051;2651;2252;459;5362;4903;-399
016053;4295;2816;1887;8998;7111;-1479
016073;1692;2061;621;4374;3753;369
016079;3224;1977;1109;6310;5201;-1247
016096;2484;1008;598;4090;3492;-1476
016108;1238;1320;575;3133;2558;82
016115;2254;2584;312;5150;4838;330
016128;1014;2470;594;4078;3484;1456
016133;3075;1567;1080;5722;4642;-1508
016158;687;538;322;1547;1225;-149
016169;2092;591;290;2973;2683;-1501
016170;3530;2507;521;6558;6037;-1023
016198;7538;7526;1790;16854;15064;-12
016202;2938;742;468;4148;3680;-2196
016207;4600;4689;912;10201;9289;89
016213;2977;1390;387;4754;4367;-1587
016214;2774;1212;348;4334;3986;-1562
016218;2628;2473;1002;6103;5101;-155
016219;6798;10423;4546;21767;17221;3625
016233;2499;1980;675;5154;4479;-519
016245;2954;1925;593;5472;4879;-1029
017008;1244;852;245;2341;2096;-392
017020;1420;644;586;2650;2064;-776
017021;2724;1674;803;5201;4398;-1050
017033;1214;614;288;2116;1828;-600
017042;4107;2199;615;6921;6306;-1908
017056;2646;2007;731;5384;4653;-639
017069;2598;3914;950;7462;6512;1316
017070;1332;1061;580;2973;2393;-271
017081;4693;4133;1576;10402;8826;-560
017085;2005;2450;1180;5635;4455;445
017125;2566;3585;2217;8368;6151;1019
017149;1457;1573;1129;4159;3030;116
017161;3818;4019;1243;9080;7837;201
017162;1376;531;399;2306;1907;-845
017163;3162;3745;942;7849;6907;583
018013;1754;735;520;3009;2489;-1019
018018;264;224;62;550;488;-40
018027;329;89;116;534;418;-240
018033;672;558;149;1379;1230;-114
018034;2619;873;664;4156;3492;-1746
018035;2092;704;493;3289;2796;-1388
018037;1543;1250;690;3483;2793;-293
018050;1513;595;486;2594;2108;-918
018060;1932;1065;209;3206;2997;-867
018061;1126;710;542;2378;1836;-416
018069;2240;1224;1096;4560;3464;-1016
018075;927;310;133;1370;1237;-617
018076;1177;661;418;2256;1838;-516
018083;505;223;145;873;728;-282
018103;62;54;14;130;116;-8
018112;257;86;38;381;343;-171
018122;1453;1279;460;3192;2732;-174
018135;1394;427;162;1983;1821;-967
018136;265;125;55;445;390;-140
018149;178;37;28;243;215;-141
018150;2094;2212;478;4784;4306;118
018155;461;260;104;825;721;-201
018159;884;454;80;1418;1338;-430
018162;1504;326;143;1973;1830;-1178
018163;807;563;150;1520;1370;-244
018164;1086;351;243;1680;1437;-735
018168;423;364;231;1018;787;-59
019017;571;496;151;1218;1067;-75
019025;2009;1952;1513;5474;3961;-57
019029;793;593;109;1495;1386;-200
019035;6713;9572;5765;22050;16285;2859
019036;7458;15650;19085;42193;23108;8192
019059;788;245;158;1191;1033;-543
019079;650;292;71;1013;942;-358
019098;1697;1061;1111;3869;2758;-636
020017;4113;6858;5530;16501;10971;2745
020021;4599;2582;1259;8440;7181;-2017
020026;2565;1205;1269;5039;3770;-1360
020045;4971;2740;1452;9163;7711;-2231
020053;2274;1362;1191;4827;3636;-912
020055;1626;559;784;2969;2185;-1067
020065;3588;5134;4167;12889;8722;1546
020066;3341;2883;4789;11013;6224;-458
020071;4090;2191;1267;7548;6281;-1899
022001;2114;1060;1203;4377;3174;-1054
022006;2866;4344;4000;11210;7210;1478
022022;1553;1764;1224;4541;3317;211
022038;243;141;217;601;384;-102
022081;192;94;105;391;286;-98
022103;2507;3530;1204;7241;6037;1023
022104;1859;1414;1242;4515;3273;-445
022117;1866;1555;1119;4540;3421;-311
022123;3076;1056;947;5079;4132;-2020
022143;322;1034;578;1934;1356;712
022153;3171;3331;3548;10050;6502;160
022180;340;105;116;561;445;-235
022191;617;124;120;861;741;-493
022236;1762;346;404;2512;2108;-1416
022248;1704;452;391;2547;2156;-1252
022253;953;337;428;1718;1290;-616
023004;1957;2167;605;4729;4124;210
023011;668;568;625;1861;1236;-100
023012;4157;2073;2133;8363;6230;-2084
023015;5618;6190;2479;14287;11808;572
023016;2463;906;459;3828;3369;-1557
023021;3977;2549;990;7516;6526;-1428
023022;3903;2616;1585;8104;6519;-1287
023028;2607;3097;916;6620;5704;490
023035;1162;504;444;2110;1666;-658
023038;2542;2902;1553;6997;5444;360
023039;1460;662;562;2684;2122;-798
023040;2656;2255;1820;6731;4911;-401
023043;1489;2248;1109;4846;3737;759
023047;772;296;209;1277;1068;-476
023052;4025;3208;2174;9407;7233;-817
023053;1996;2103;1208;5307;4099;107
023058;5580;3040;1764;10384;8620;-2540
023059;2399;3042;1736;7177;5441;643
023069;4822;8090;3423;16335;12912;3268
023071;6493;7609;3389;17491;14102;1116
023077;3496;1935;1170;6601;5431;-1561
023083;5326;3475;1946;10747;8801;-1851
023086;607;304;459;1370;911;-303
023089;3878;2166;2594;8638;6044;-1712
023094;3477;1290;839;5606;4767;-2187
023096;7911;8948;5362;22221;16859;1037
024006;2487;1973;577;5037;4460;-514
024012;8071;13806;7559;29436;21877;5735
024027;857;1033;376;2266;1890;176
024036;3521;2654;916;7091;6175;-867
024061;5899;7123;3494;16516;13022;1224
024070;2265;2258;813;5336;4523;-7
024082;828;1083;309;2220;1911;255
024087;3950;4403;1890;10243;8353;453
024100;6936;10498;7479;24913;17434;3562
024108;3640;3508;1138;8286;7148;-132
026012;6263;10909;6337;23509;17172;4646
026043;7960;3701;2172;13833;11661;-4259
026056;1858;2670;886;5414;4528;812
026059;4173;3521;1032;8726;7694;-652
026086;14589;30321;14694;59604;44910;15732
027042;13176;59320;73832;146328;72496;46144
028019;3149;5689;1565;10403;8838;2540
028055;3903;6522;2586;13011;10425;2619
028058;4007;3307;760;8074;7314;-700
029005;313;102;78;493;415;-211
029018;673;505;181;1359;1178;-168
029041;7034;13662;12073;32769;20696;6628
029048;1313;1047;454;2814;2360;-266
033018;1082;1293;564;2939;2375;211
033022;691;242;155;1088;933;-449
033037;1829;1773;683;4285;3602;-56
034007;1384;955;1111;3450;2339;-429
034015;1830;1904;959;4693;3734;74
035001;2722;1455;748;4925;4177;-1267
035004;2959;2316;1204;6479;5275;-643
035014;4651;2593;1976;9220;7244;-2058
035015;2081;1423;1173;4677;3504;-658
035016;1449;1150;2413;5012;2599;-299
035017;2705;3237;1139;7081;5942;532
035022;1583;1390;631;3604;2973;-193
035024;2798;3120;2937;8855;5918;322
035030;3957;1457;1200;6614;5414;-2500
035036;4126;3522;2097;9745;7648;-604
035037;2253;1752;1145;5150;4005;-501
035039;3033;2464;1347;6844;5497;-569
036003;2171;3080;1247;6498;5251;909
036005;10885;8197;16966;36048;19082;-2688
036006;8981;3547;4237;16765;12528;-5434
036013;4385;10768;2381;17534;15153;6383
036015;10333;5190;4236;19759;15523;-5143
036019;4526;6856;2484;13866;11382;2330
036022;4100;6791;5530;16421;10891;2691
036027;4608;1799;1808;8215;6407;-2809
037006;38953;79779;104902;223634;118732;40826
037008;4899;3272;2245;10416;8171;-1627
037011;10241;9716;3490;23447;19957;-525
037012;981;590;274;1845;1571;-391
037019;5806;6266;1591;13663;12072;460
037032;9278;9687;18014;36979;18965;409
037054;9217;7135;2988;19340;16352;-2082
037062;1403;873;848;3124;2276;-530
038004;7492;3803;6294;17589;11295;-3689
038027;1983;542;683;3208;2525;-1441
046009;985;1488;1045;3518;2473;503
046017;11335;16847;20912;49094;28182;5512
046018;5568;1815;2232;9615;7383;-3753
046033;7687;7834;12939;28460;15521;147
047009;5022;2687;2644;10353;7709;-2335
047010;3178;2008;857;6043;5186;-1170
047011;3924;4946;2766;11636;8870;1022
047013;2617;2075;710;5402;4692;-542
047014;10790;12728;21355;44873;23518;1938
048017;31926;81342;94628;207896;113268;49416
048052;5136;4011;3807;12954;9147;-1125
050008;12812;4801;4324;21937;17613;-8011
050026;9234;34079;22400;65713;43313;24845
058007;11337;5187;8238;24762;16524;-6150
063001;9485;3912;7117;20514;13397;-5573
063011;4215;6209;4198;14622;10424;1994
063044;1928;722;2125;4775;2650;-1206
063049;33155;130556;200214;363925;163711;97401
089006;2948;1355;1484;5787;4303;-1593
096008;45;3;5;53;48;-42
096009;67;17;12;96;84;-50
096021;338;242;99;679;580;-96
096043;152;87;12;251;239;-65
096048;311;49;45;405;360;-262
096072;65;4;4;73;69;-61
096075;109;79;13;201;188;-30
096078;99;36;14;149;135;-63
096079;56;37;14;107;93;-19
097002;946;440;134;1520;1386;-506
097006;1465;1313;345;3123;2778;-152
097013;3589;2762;1295;7646;6351;-827
097014;421;12;65;498;433;-409
097016;4009;1814;825;6648;5823;-2195
097042;7571;15986;9515;33072;23557;8415
097045;1376;540;164;2080;1916;-836
097046;2104;1694;1508;5306;3798;-410
097054;1211;812;215;2238;2023;-399
097057;2514;2682;849;6045;5196;168
097061;1511;1899;247;3657;3410;388
097071;2110;1202;292;3604;3312;-908
097091;1971;1083;168;3222;3054;-888
098002;298;76;56;430;374;-222
098010;4270;2275;1547;8092;6545;-1995
098019;3719;3834;2056;9609;7553;115
098050;3327;1921;1325;6573;5248;-1406
098056;2020;1179;313;3512;3199;-841
103003;597;62;72;731;659;-535
103008;1073;978;585;2636;2051;-95
103025;1167;840;275;2282;2007;-327
103033;577;222;134;933;799;-355
103050;2608;2955;2631;8194;5563;347
103057;489;275;127;891;764;-214
103064;679;1106;806;2591;1785;427
103071;342;144;163;649;486;-198
103074;368;187;45;600;555;-181
108002;711;436;76;1223;1147;-275
108003;2315;1339;352;4006;3654;-976
108007;3933;1520;647;6100;5453;-2413
108010;5754;2564;985;9303;8318;-3190
108016;2429;841;301;3571;3270;-1588
108017;2599;1895;440;4934;4494;-704
108021;4632;5244;1391;11267;9876;612
108030;6542;5070;2325;13937;11612;-1472
108031;1486;770;262;2518;2256;-716
108041;2642;1722;507;4871;4364;-920
108043;2835;836;469;4140;3671;-1999
108044;3371;2769;669;6809;6140;-602
108047;1246;1666;348;3260;2912;420
108048;2960;2259;568;5787;5219;-701
017041;2030;722;578;3330;2752;-1308
006054;107;38;15;160;145;-69
006040;270;368;82;720;638;98
016003;2671;2694;590;5955;5365;23
016044;1426;935;586;2947;2361;-491
016212;1410;2201;560;4171;3611;791
017037;1567;1209;268;3044;2776;-358
024074;2222;1853;1328;5403;4075;-369
033026;803;595;520;1918;1398;-208
016029;2193;955;308;3456;3148;-1238
018153;2546;3234;1654;7434;5780;688
027004;4377;1344;833;6554;5721;-3033
035008;3058;1794;1061;5913;4852;-1264
097059;2029;1941;540;4510;3970;-88
098024;489;153;84;726;642;-336
098049;1070;984;291;2345;2054;-86
012044;427;322;79;828;749;-105
108004;5058;4641;1295;10994;9699;-417
002025;34;43;16;93;77;9
002078;15;7;3;25;22;-8
002097;40;13;17;70;53;-27
002134;86;97;30;213;183;11
002135;63;137;56;256;200;74
002166;46;10;3;59;56;-36
002170;26;32;8;66;58;6
003019;363;275;71;709;638;-88
003091;496;524;105;1125;1020;28
003115;232;383;99;714;615;151
012122;1634;1744;395;3773;3378;110
002035;70;4;17;91;74;-66
012079;2446;2287;547;5280;4733;-159
013004;1166;1206;253;2625;2372;40
018040;140;129;36;305;269;-11
003083;125;335;71;531;460;210
012130;3258;2061;838;6157;5319;-1197
015248;1933;1319;340;3592;3252;-614
098061;2667;797;399;3863;3464;-1870
108032;1999;1328;296;3623;3327;-671
002121;41; ;13;41 13;41 ;-41
002002;62;111;124;297;173;49
002043;68;19;10;97;87;-49
002048;74;13;8;95;87;-61
002057;35;10;21;66;45;-25
002066;83;19;13;115;102;-64
002096;36;20;15;71;56;-16
002102;183;17;21;221;200;-166
002113;18;8;14;40;26;-10
002171;263;21;40;324;284;-242
003042;89;152;17;258;241;63
003044;109;168;13;290;277;59
003070;605;304;106;1015;909;-301
003088;513;235;104;852;748;-278
003103;520;205;150;875;725;-315
003114;708;1252;154;2114;1960;544
003140;251;97;21;369;348;-154
011003;688;180;107;975;868;-508
012014;926;3071;234;4231;3997;2145
012077;854;240;145;1239;1094;-614
012088;1066;255;163;1484;1321;-811
012090;3097;5606;1285;9988;8703;2509
012098;2814;1434;417;4665;4248;-1380
012103;289;64;49;402;353;-225
012134;1872;1248;430;3550;3120;-624
012137;1981;2586;429;4996;4567;605
012141;434;112;43;589;546;-322
013032;431;86;91;608;517;-345
013042;1415;754;366;2535;2169;-661
016143;2418;1591;291;4300;4009;-827
026091;4941;7321;1768;14030;12262;2380
027034;1781;2455;1884;6120;4236;674
096013;53;2;6;61;55;-51
096033;127;41;14;182;168;-86
103007;86;35;30;151;121;-51
103022;157;102;39;298;259;-55
103040;108;11;12;131;119;-97
103054;560;287;158;1005;847;-273
103069;318;14;86;418;332;-304
003112;209;402;132;743;611;193
003164;188;19;17;224;207;-169
012128;1244;430;197;1871;1674;-814
013102;2914;2105;542;5561;5019;-809
016132;2340;2423;427;5190;4763;83
018137;2168;1961;369;4498;4129;-207
018144;235;60;35;330;295;-175
103052;287;341;44;672;628;54
002110;8;3;4;15;11;-5
002003;67;28;12;107;95;-39
010006;1041;1853;775;3669;2894;812
015249;1678;1041;280;2999;2719;-637
018186;263;34;40;337;297;-229
017147;1844;1033;277;3154;2877;-811
004231;74;25;37;136;99;-49
013165;2642;2647;979;6268;5289;5
013228;1075;640;293;2008;1715;-435
022079;1608;698;395;2701;2306;-910
033012;1206;643;530;2379;1849;-563
096055;27;3;2;32;30;-24
012005;1493;1008;278;2779;2501;-485
016120;1867;3881;994;6742;5748;2014
017078;4244;2849;2950;10043;7093;-1395
003090;70;13;8;91;83;-57
012084;1260;734;421;2415;1994;-526
013007;1539;1494;302;3335;3033;-45
013009;577;945;83;1605;1522;368
024026;4814;3722;1342;9878;8536;-1092
033025;466;143;207;816;609;-323
103013;221;53;47;321;274;-168
013232;580;336;106;1022;916;-244
018062;283;309;64;656;592;26
002127;24;8;3;35;32;-16
012062;700;475;198;1373;1175;-225
027038;8691;3433;1721;13845;12124;-5258
016030;3899;1240;442;5581;5139;-2659
017066;1665;1175;542;3382;2840;-490
016238;1464;682;333;2479;2146;-782
002014;34;22;8;64;56;-12
012036;864;775;133;1772;1639;-89
012068;2174;4081;407;6662;6255;1907
012106;1547;1435;339;3321;2982;-112
024102;1145;1033;500;2678;2178;-112
018130;137;14;26;177;151;-123
013064;2709;1917;811;5437;4626;-792
013114;1714;1737;380;3831;3451;23
015155;206;44;23;273;250;-162
024098;1999;2753;716;5468;4752;754
045002;301;204;166;671;505;-97
006085;140;25;17;182;165;-115
018039;326;246;67;639;572;-80
103039;52;88;112;252;140;36
002029;11; ;3;11 3;11 ;-11
003098;183;176;37;396;359;-7
012124;1769;1415;454;3638;3184;-354
003146;249;110;45;404;359;-139
012101;559;272;96;927;831;-287
024122;2344;687;423;3454;3031;-1657
026071;3757;2875;1185;7817;6632;-882
103004;64;5;12;81;69;-59
103055;193;44;41;278;237;-149
006023;85;20;14;119;105;-65
016046;2383;1934;599;4916;4317;-449
103058;66;22;9;97;88;-44
002041;16; ;2;16 2;16 ;-16
012064;947;1793;193;2933;2740;846
017067;5452;8094;4970;18516;13546;2642
017158;1092;827;231;2150;1919;-265
003012;229;131;32;392;360;-98
004221;80;6;30;116;86;-74
006055;62;15;15;92;77;-47
006066;39;2;10;51;41;-37
006071;129;27;11;167;156;-102
006087;165;63;48;276;228;-102
006096;148;94;28;270;242;-54
006119;92;39;20;151;131;-53
006126;169;13;23;205;182;-156
006148;45;53;18;116;98;8
006183;246;207;48;501;453;-39
010057;921;526;254;1701;1447;-395
012017;933;826;192;1951;1759;-107
012023;315;700;38;1053;1015;385
012046;2118;1742;546;4406;3860;-376
012059;581;95;87;763;676;-486
012074;820;754;142;1716;1574;-66
012075;3448;2445;582;6475;5893;-1003
012143;755;420;158;1333;1175;-335
013055;1026;1027;132;2185;2053;1
013135;911;1051;109;2071;1962;140
015060;4341;3041;744;8126;7382;-1300
015112;568;181;59;808;749;-387
015142;5041;4172;1708;10921;9213;-869
015150;280;461;77;818;741;181
015165;466;376;77;919;842;-90
016105;1132;1080;231;2443;2212;-52
016141;809;1332;285;2426;2141;523
017025;2386;1305;368;4059;3691;-1081
018003;141;74;27;242;215;-67
018045;192;35;31;258;227;-157
018059;86;107;17;210;193;21
018085;572;74;100;746;646;-498
018189;520;70;66;656;590;-450
019012;772;623;104;1499;1395;-149
019041;1129;883;255;2267;2012;-246
019067;2534;1191;787;4512;3725;-1343
020063;808;346;224;1378;1154;-462
024073;1437;1043;482;2962;2480;-394
026070;2000;1444;574;4018;3444;-556
027008;6399;1896;9642;17937;8295;-4503
027023;11453;3813;2908;18174;15266;-7640
027033;8497;7250;7444;23191;15747;-1247
027037;5228;5298;2080;12606;10526;70
039007;4417;4696;5572;14685;9113;279
040008;4648;3949;4693;13290;8597;-699
046003;1611;2025;1715;5351;3636;414
097012;1894;1028;279;3201;2922;-866
103002;71;350;68;489;421;279
103016;140;205;87;432;345;65
103024;140;111;50;301;251;-29
103037;19;10;5;34;29;-9
103038;56;29;5;90;85;-27
103044;650;250;122;1022;900;-400
103049;144;475;58;677;619;331
012002;1574;1213;268;3055;2787;-361
012054;420;212;52;684;632;-208
012116;327;43;49;419;370;-284
012125;1045;393;215;1653;1438;-652
013128;1377;343;121;1841;1720;-1034
103034;222;40;86;348;262;-182
103045;90;15;13;118;105;-75
103061;369;160;33;562;529;-209
012025;908;1117;122;2147;2025;209
012030;908;744;291;1943;1652;-164
012031;711;486;147;1344;1197;-225
012035;1519;477;211;2207;1996;-1042
012047;1593;932;233;2758;2525;-661
012049;253;383;38;674;636;130
012058;736;195;156;1087;931;-541
012076;712;563;162;1437;1275;-149
012085;1763;882;286;2931;2645;-881
012087;1599;1023;725;3347;2622;-576
012089;1601;680;219;2500;2281;-921
012092;1661;2249;1655;5565;3910;588
012093;405;91;45;541;496;-314
012104;562;419;97;1078;981;-143
012107;1352;1165;233;2750;2517;-187
012131;360;122;71;553;482;-238
012132;812;249;106;1167;1061;-563
013023;1337;368;211;1916;1705;-969
013043;1723;592;260;2575;2315;-1131
013153;813;326;78;1217;1139;-487
013154;1541;2494;270;4305;4035;953
015136;1355;958;158;2471;2313;-397
015177;2452;1381;288;4121;3833;-1071
018078;2029;1976;434;4439;4005;-53
018176;2374;604;413;3391;2978;-1770
097072;1027;587;141;1755;1614;-440
103011;426;290;53;769;716;-136
103015;437;296;68;801;733;-141
103021;62;2;8;72;64;-60
103023;206;5;17;228;211;-201
103031;54;61;79;194;115;7
103036;15;9;5;29;24;-6
103042;387;355;82;824;742;-32
103056;115;48;57;220;163;-67
103062;195;336;155;686;531;141
103068;439;342;73;854;781;-97
103070;86;35;40;161;121;-51
108011;1987;891;343;3221;2878;-1096
012019;527;162;49;738;689;-365
012073;1325;1809;279;3413;3134;484
012140;210;644;25;879;854;434
013251;1410;721;201;2332;2131;-689
015050;1504;1783;211;3498;3287;279
017072;2694;3829;770;7293;6523;1135
017107;3791;2898;1263;7952;6689;-893
017173;1653;2267;263;4183;3920;614
020015;2232;2321;3000;7553;4553;89
012050;3296;811;571;4678;4107;-2485
012053;1275;911;259;2445;2186;-364
013034;1280;1166;173;2619;2446;-114
013110;766;3119;176;4061;3885;2353
013129;1792;1094;285;3171;2886;-698
013201;2432;984;469;3885;3416;-1448
015019;957;691;179;1827;1648;-266
018067;46;23;12;81;69;-23
012126;792;602;146;1540;1394;-190
026003;2420;2813;1108;6341;5233;393
012081;280;155;59;494;435;-125
013169;696;332;93;1121;1028;-364
015114;3297;2158;903;6358;5455;-1139
003144;140;66;17;223;206;-74
018044;46;12;8;66;58;-34
027035;5443;4940;1811;12194;10383;-503
036045;3356;3394;1550;8300;6750;38
012004;2197;1218;625;4040;3415;-979
012006;1448;772;251;2471;2220;-676
012009;523;344;56;923;867;-179
012016;639;1005;117;1761;1644;366
012024;169;98;63;330;267;-71
012063;399;495;81;975;894;96
012095;391;583;48;1022;974;192
012102;361;413;83;857;774;52
012105;1309;688;240;2237;1997;-621
012113;491;523;162;1176;1014;32
012139;917;498;260;1675;1415;-419
013197;249;89;46;384;338;-160
013202;2005;801;319;3125;2806;-1204
013245;2197;2271;500;4968;4468;74
015040;2764;949;367;4080;3713;-1815
017133;4839;4081;2920;11840;8920;-758
017180;574;358;132;1064;932;-216
018160;1244;236;174;1654;1480;-1008
036028;2332;1100;1160;4592;3432;-1232
103009;191;42;33;266;233;-149
103012;39;42;10;91;81;3
103026;288;245;135;668;533;-43
103032;60;1;4;65;61;-59
103046;345;127;57;529;472;-218
103053;340;607;112;1059;947;267
103059;89;24;20;133;113;-65
103078;72;24;9;105;96;-48
012010;168;112;36;316;280;-56
012018;279;130;15;424;409;-149
012048;1758;1430;346;3534;3188;-328
012051;1048;846;192;2086;1894;-202
103041;227;103;94;424;330;-124
012109;2643;5463;498;8604;8106;2820
016074;1795;2125;602;4522;3920;330
012015;852;724;218;1794;1576;-128
012057;190;500;19;709;690;310
012078;1483;854;324;2661;2337;-629
012115;210;222;33;465;432;12
012136;1671;1698;377;3746;3369;27
013028;2136;1222;331;3689;3358;-914
013238;978;1103;149;2230;2081;125
015210;2405;2911;556;5872;5316;506
015237;3005;3166;613;6784;6171;161
015244;1156;3032;206;4394;4188;1876
018043;883;54;56;993;937;-829
018087;620;304;70;994;924;-316
018101;135;47;45;227;182;-88
018139;583;339;123;1045;922;-244
018148;61;15;7;83;76;-46
019102;2043;986;597;3626;3029;-1057
023076;3789;2298;1133;7220;6087;-1491
012114;412;268;162;842;680;-144
036036;2072;2213;626;4911;4285;141
012037;326;117;42;485;443;-209
012043;140;60;32;232;200;-80
012071;329;470;30;829;799;141
012082;363;325;39;727;688;-38
012100;69;3;6;78;72;-66
013087;142;272;32;446;414;130
013252;921;758;564;2243;1679;-163
015014;1219;1609;149;2977;2828;390
015071;1800;521;168;2489;2321;-1279
015167;1896;1494;325;3715;3390;-402
015172;2874;2717;659;6250;5591;-157
016088;1193;1242;268;2703;2435;49
023081;2099;1739;781;4619;3838;-360
098043;553;1244;158;1955;1797;691
103029;175;92;72;339;267;-83
103065;119;39;35;193;158;-80
006079;140;32;43;215;172;-108
012021;215;41;24;280;256;-174
013255;1105;956;186;2247;2061;-149
015061;676;562;79;1317;1238;-114
017048;1485;1667;280;3432;3152;182
018001;271;19;28;318;290;-252
017023;3211;1128;813;5152;4339;-2083
013222;1662;1505;290;3457;3167;-157
046024;3848;4349;3688;11885;8197;501
103001;94;27;21;142;121;-67
012110;244;50;21;315;294;-194
013003;1905;1243;405;3553;3148;-662
015058;1843;949;330;3122;2792;-894
016220;3497;3172;718;7387;6669;-325
018012;258;84;18;360;342;-174
018175;336;105;76;517;441;-231
036038;896;702;366;1964;1598;-194
036040;8204;10228;7164;25596;18432;2024
037046;4180;5469;1446;11095;9649;1289
097031;855;899;163;1917;1754;44
103047;97;36;13;146;133;-61
108053;3233;1805;880;5918;5038;-1428
008028;279;88;83;450;367;-191
012065;257;44;67;368;301;-213
012142;333;173;146;652;506;-160
018090;285;162;57;504;447;-123
013137;832;505;111;1448;1337;-327
103043;37; ;3;37 3;37 ;-37
024008;4588;8451;5520;18559;13039;3863
013136;1783;1290;278;3351;3073;-493
103066;63;18;29;110;81;-45
103076;44;26;10;80;70;-18
017014;3357;2589;1566;7512;5946;-768
017064;471;698;89;1258;1169;227
012011;560;104;93;757;664;-456
015015;2320;3022;490;5832;5342;702
013068;669;466;97;1232;1135;-203
017148;175;509;386;1070;684;334
108022;1164;386;131;1681;1550;-778
006143;113;109;69;291;222;-4
011031;2218;1537;390;4145;3755;-681
012020;239;79;34;352;318;-160
012038;1027;557;132;1716;1584;-470
012045;373;106;98;577;479;-267
012060;550;481;225;1256;1031;-69
013022;704;479;104;1287;1183;-225
013035;2382;2105;567;5054;4487;-277
013040;101;66;163;330;167;-35
013046;1419;838;231;2488;2257;-581
013053;1558;2317;230;4105;3875;759
013065;1486;1276;422;3184;2762;-210
013101;1458;1590;375;3423;3048;132
013121;852;338;117;1307;1190;-514
013123;121;100;18;239;221;-21
013253;484;300;303;1087;784;-184
015022;648;97;111;856;745;-551
015035;893;116;82;1091;1009;-777
015122;1321;2675;241;4237;3996;1354
015191;1950;876;742;3568;2826;-1074
015224;2084;1734;361;4179;3818;-350
016034;1549;1377;440;3366;2926;-172
016075;1732;2560;457;4749;4292;828
016081;1463;1472;329;3264;2935;9
016089;2320;6689;497;9506;9009;4369
016101;1276;407;440;2123;1683;-869
016117;1897;5444;730;8071;7341;3547
016135;1007;261;166;1434;1268;-746
016139;1122;599;149;1870;1721;-523
016150;593;4886;112;5591;5479;4293
016152;1796;1586;320;3702;3382;-210
016173;1482;491;271;2244;1973;-991
016209;1181;1273;270;2724;2454;92
016222;2767;2027;1071;5865;4794;-740
016224;1517;2019;224;3760;3536;502
016232;2318;2690;484;5492;5008;372
016239;2051;1307;400;3758;3358;-744
016240;2214;926;359;3499;3140;-1288
017011;688;311;177;1176;999;-377
017127;4395;2979;1379;8753;7374;-1416
017128;386;29;58;473;415;-357
017151;955;621;440;2016;1576;-334
017165;2975;4167;657;7799;7142;1192
017174;3616;3293;1517;8426;6909;-323
017188;3931;3772;1614;9317;7703;-159
017206;1344;650;337;2331;1994;-694
018017;83;35;36;154;118;-48
018019;1023;215;82;1320;1238;-808
018032;256;103;33;392;359;-153
018041;2206;745;358;3309;2951;-1461
018072;1895;501;263;2659;2396;-1394
018073;908;616;228;1752;1524;-292
018081;1006;150;113;1269;1156;-856
018084;773;263;113;1149;1036;-510
018091;140;6;14;160;146;-134
018106;286;223;87;596;509;-63
018118;521;160;58;739;681;-361
018154;162;32;27;221;194;-130
018161;239;144;39;422;383;-95
018171;427;403;503;1333;830;-24
018172;23;21;7;51;44;-2
018173;1170;556;149;1875;1726;-614
018180;981;731;248;1960;1712;-250
018185;623;206;64;893;829;-417
018190;995;235;160;1390;1230;-760
022029;180;90;63;333;270;-90
023007;870;1637;390;2897;2507;767
024025;1127;1237;368;2732;2364;110
026085;3202;2251;978;6431;5453;-951
029004;1923;2874;1856;6653;4797;951
029027;565;377;176;1118;942;-188
029039;1096;465;2365;3926;1561;-631
034010;2450;1925;1175;5550;4375;-525
034051;3879;2242;1330;7451;6121;-1637
035038;1638;1104;721;3463;2742;-534
035043;1287;542;406;2235;1829;-745
036021;1848;2587;727;5162;4435;739
036033;1080;260;321;1661;1340;-820
037020;4792;5109;2853;12754;9901;317
037021;4965;5418;1417;11800;10383;453
037030;4276;5789;1111;11176;10065;1513
038005;1673;1594;2025;5292;3267;-79
040012;9711;15351;35283;60345;25062;5640
046007;10320;8342;6864;25526;18662;-1978
048005;5011;10725;2085;17821;15736;5714
097048;3645;4757;1368;9770;8402;1112
099013;5345;6877;6150;18372;12222;1532
103018;38;4;5;47;42;-34
108005;2194;1705;404;4303;3899;-489
108055;1822;629;170;2621;2451;-1193
012027;283;287;66;636;570;4
012091;409;407;49;865;816;-2
019026;1759;1415;445;3619;3174;-344
026019;1533;1747;555;3835;3280;214
033039;3877;2252;1203;7332;6129;-1625
024084;1601;437;662;2700;2038;-1164
012008;453;501;59;1013;954;48
027024;7579;5659;2673;15911;13238;-1920
037002;3162;4930;797;8889;8092;1768
093041;3106;5159;2917;11182;8265;2053
016077;1776;1636;1225;4637;3412;-140
017075;2527;2972;1645;7144;5499;445
037061;7670;8575;4355;20600;16245;905
015158;1623;382;180;2185;2005;-1241
016142;1332;717;399;2448;2049;-615
017039;3016;1689;2092;6797;4705;-1327
040003;3347;2522;1108;6977;5869;-825
036007;4512;2714;1605;8831;7226;-1798
021051;5513;6087;10353;21953;11600;574
022246;848;213;262;1323;1061;-635
012097;589;468;203;1260;1057;-121
017009;3371;1483;1451;6305;4854;-1888
018065;230;182;92;504;412;-48
018147;273;126;37;436;399;-147
018179;248;335;41;624;583;87
020050;549;594;332;1475;1143;45
013212;1082;761;126;1969;1843;-321
017156;2005;1796;812;4613;3801;-209
017187;1614;589;961;3164;2203;-1025
012007;213;96;41;350;309;-117
012022;257;433;34;724;690;176
012041;136;195;14;345;331;59
012069;160;9;21;190;169;-151
013024;363;164;67;594;527;-199
017045;2399;808;545;3752;3207;-1591
004119;5;5;15;25;10;0
004174;19;6;22;47;25;-13
004004;66;30;15;111;96;-36
004007;64;1;6;71;65;-63
004021;10; ;4;10 4;10 ;-10
004026;38;90;22;150;128;52
004076;90;36;43;169;126;-54
004097;55;21;18;94;76;-34
004109;40;28;13;81;68;-12
004124;47;15;12;74;62;-32
004161;62;12;31;105;74;-50
004164;52;23;24;99;75;-29
004193;35;87;25;147;122;52
004206;43; ;7;43 7;43 ;-43
004216;43;35;8;86;78;-8
005021;149;22;42;213;171;-127
006008;108;87;10;205;195;-21
006102;47;1;10;58;48;-46
009005;403;861;179;1443;1264;458
009027;380;549;218;1147;929;169
009050;222;19;17;258;241;-203
013223;276;160;88;524;436;-116
016042;2074;1282;303;3659;3356;-792
016155;1398;462;180;2040;1860;-936
017040;2715;3103;672;6490;5818;388
018183;32;24;11;67;56;-8
019078;336;72;30;438;408;-264
020001;679;245;307;1231;924;-434
020022;844;501;435;1780;1345;-343
024079;1255;1180;424;2859;2435;-75
033006;2003;1205;1080;4288;3208;-798
033013;2695;6027;2740;11462;8722;3332
034031;1761;1955;633;4349;3716;194
034035;460;1158;190;1808;1618;698
045001;2377;2037;1355;5769;4414;-340
046001;3695;3867;2075;9637;7562;172
052032;4573;15846;15003;35422;20419;11273
098039;610;571;93;1274;1181;-39
098048;1250;896;216;2362;2146;-354
004167;10;4;16;30;14;-6
004015;47;29;9;85;76;-18
004162;31;2;4;37;33;-29
009037;13;8;7;28;21;-5
009045;467;78;141;686;545;-389
009068;779;1342;275;2396;2121;563
013013;1081;333;147;1561;1414;-748
018015;999;150;93;1242;1149;-849
018023;1022;422;185;1629;1444;-600
018057;240;121;53;414;361;-119
018169;510;363;52;925;873;-147
098045;603;1240;140;1983;1843;637
034013;2626;1796;1130;5552;4422;-830
004102;11;3;7;21;14;-8
004060;16; ;9;16 9;16 ;-16
004182;38;1;4;43;39;-37
004207;90;44;35;169;134;-46
004053;4;25;13;42;29;21
004123;61;32;12;105;93;-29
004235;21;19;4;44;40;-2
009047;265;118;57;440;383;-147
009048;184;18;38;240;202;-166
006033;242;65;63;370;307;-177
006125;111;17;28;156;128;-94
006165;154;156;91;401;310;2
009036;251;45;84;380;296;-206
004039;16;5;4;25;21;-11
009054;213;191;31;435;404;-22
014061;2468;7288;5289;15045;9756;4820
016123;1474;2445;208;4127;3919;971
016126;1234;1069;190;2493;2303;-165
020008;827;704;671;2202;1531;-123
020054;1091;537;467;2095;1628;-554
034020;2996;1193;1304;5493;4189;-1803
035005;1451;1118;594;3163;2569;-333
047012;4064;2613;2919;9596;6677;-1451
004044;48;1;8;57;49;-47
004098;39;1;4;44;40;-38
009040;164;16;73;253;180;-148
009020;71;18;15;104;89;-53
009043;39;5;14;58;44;-34
004112;7;1;2;10;8;-6
009055;255;222;377;854;477;-33
046011;1348;553;476;2377;1901;-795
005094;51;27;31;109;78;-24
004184;23; ;3;23 3;23 ;-23
006136;153;33;56;242;186;-120
009035;260;34;67;361;294;-226
005104;18;3;8;29;21;-15
019058;766;158;76;1000;924;-608
004054;22;3;4;29;25;-19
004111;44;24;11;79;68;-20
004134;117;14;42;173;131;-103
004229;9; ;1;9 1;9 ;-9
009028;29;2;9;40;31;-27
009046;77;12;32;121;89;-65
010033;835;272;151;1258;1107;-563
013163;863;2123;195;3181;2986;1260
016031;2206;955;357;3518;3161;-1251
009044;258;67;46;371;325;-191
005081;8;8;7;23;16;0
005098;12;18;14;44;30;6
004006;14;3;11;28;17;-11
004083;7; ;11;7 11;7 ;-7
004127;11; ;4;11 4;11 ;-11
008065;1873;2454;3817;8144;4327;581
009031;287;79;58;424;366;-208
009051;178;47;61;286;225;-131
009058;815;249;198;1262;1064;-566
011017;519;515;1187;2221;1034;-4
013234;148;65;69;282;213;-83
018192;661;1177;308;2146;1838;516
045012;448;262;235;945;710;-186
047006;1399;1333;978;3710;2732;-66
020041;451;328;161;940;779;-123
006166;98;24;11;133;122;-74
009032;105;14;18;137;119;-91
018049;358;489;75;922;847;131
019046;605;1398;182;2185;2003;793
050039;1125;833;2512;4470;1958;-292
098015;1124;249;122;1495;1373;-875
008046;96;88;82;266;184;-8
006030;332;559;59;950;891;227
016059;1306;1172;251;2729;2478;-134
020043;450;625;191;1266;1075;175
052037;507;1479;1526;3512;1986;972
009016;486;122;98;706;608;-364
020051;1394;1038;569;3001;2432;-356
005064;34;13;10;57;47;-21
008039;566;406;332;1304;972;-160
009009;117;68;93;278;185;-49
009014;72;13;22;107;85;-59
009067;262;40;33;335;302;-222
023002;1470;746;524;2740;2216;-724
037052;2944;2384;800;6128;5328;-560
006070;165;24;15;204;189;-141
020027;2287;1336;1144;4767;3623;-951
016072;1101;1156;235;2492;2257;55
011030;61;339;171;571;400;278
008042;205;361;229;795;566;156
009019;161;22;48;231;183;-139
011004;2094;630;491;3215;2724;-1464
006084;55;12;7;74;67;-43
006105;90;10;8;108;100;-80
020047;1084;1159;834;3077;2243;75
052022;5527;4720;5325;15572;10247;-807
097084;178;196;46;420;374;18
051002;6593;13575;29518;49686;20168;6982
046005;5496;5628;5467;16591;11124;132
005032;61;142;35;238;203;81
006005;140;154;78;372;294;14
006147;409;138;68;615;547;-271
006155;117;54;44;215;171;-63
006157;114;40;9;163;154;-74
006176;165;31;32;228;196;-134
009039;110;19;34;163;129;-91
016007;1758;911;352;3021;2669;-847
018011;310;90;36;436;400;-220
018054;217;96;42;355;313;-121
018142;80;16;29;125;96;-64
020061;1423;733;890;3046;2156;-690
023030;1299;730;365;2394;2029;-569
027043;3276;1462;660;5398;4738;-1814
037022;999;418;969;2386;1417;-581
037034;1076;287;449;1812;1363;-789
037059;1757;801;844;3402;2558;-956
038029;1355;541;828;2724;1896;-814
039002;4062;2193;1845;8100;6255;-1869
039010;6624;9321;16293;32238;15945;2697
039012;5571;6339;5950;17860;11910;768
040007;9324;15940;27848;53112;25264;6616
046015;877;1079;370;2326;1956;202
051011;588;414;224;1226;1002;-174
005027;32;7;8;47;39;-25
023098;1494;941;395;2830;2435;-553
028082;2409;1463;512;4384;3872;-946
006139;127;47;19;193;174;-80
027029;4975;5009;3977;13961;9984;34
022013;1014;204;204;1422;1218;-810
022035;785;553;111;1449;1338;-232
022144;951;128;89;1168;1079;-823
046002;1000;413;701;2114;1413;-587
006067;100;34;34;168;134;-66
006110;96;9;19;124;105;-87
023049;1155;442;499;2096;1597;-713
033036;1043;591;585;2219;1634;-452
034046;229;101;111;441;330;-128
052012;5089;2386;3353;10828;7475;-2703
028066;1258;351;193;1802;1609;-907
040014;572;219;300;1091;791;-353
050040;2807;2394;1698;6899;5201;-413
048019;5027;3128;3533;11688;8155;-1899
006038;114;16;14;144;130;-98
006107;63;48;13;124;111;-15
010002;842;322;129;1293;1164;-520
006022;255;68;57;380;323;-187
038023;976;412;347;1735;1388;-564
016242;2353;2010;908;5271;4363;-343
006093;44;6;8;58;50;-38
037056;2104;2871;900;5875;4975;767
036037;2549;1883;1536;5968;4432;-666
010051;630;184;184;998;814;-446
013119;230;62;47;339;292;-168
023048;1185;1325;523;3033;2510;140
010020;135;16;35;186;151;-119
017038;2611;2588;1029;6228;5199;-23
037017;2263;1731;534;4528;3994;-532
006044;188;13;36;237;201;-175
006090;18; ;5;18 5;18 ;-18
010032;867;269;396;1532;1136;-598
010044;43;444;82;569;487;401
010061;104;23;41;168;127;-81
018166;120;17;29;166;137;-103
006025;72;41;39;152;113;-31
006002;56;3;15;74;59;-53
006024;96;67;18;181;163;-29
006028;96;75;24;195;171;-21
006032;110;31;20;161;141;-79
006034;10; ;3;10 3;10 ;-10
006035;145;62;27;234;207;-83
006046;138;27;12;177;165;-111
006062;66;42;19;127;108;-24
006069;90;18;11;119;108;-72
006083;60;8;12;80;68;-52
006086;71;45;13;129;116;-26
006088;201;90;50;341;291;-111
006103;39;14;13;66;53;-25
006111;179;35;53;267;214;-144
006124;55;10;7;72;65;-45
006131;88;40;15;143;128;-48
006137;71;22;12;105;93;-49
006190;164;39;37;240;203;-125
006191;458;641;155;1254;1099;183
009063;104;66;92;262;170;-38
010012;841;957;339;2137;1798;116
010014;1230;653;197;2080;1883;-577
010027;332;164;98;594;496;-168
010045;22;6;11;39;28;-16
010066;95;13;18;126;108;-82
016086;2202;2190;852;5244;4392;-12
016087;1216;888;382;2486;2104;-328
016188;1299;563;431;2293;1862;-736
016189;1822;2801;526;5149;4623;979
016244;816;300;142;1258;1116;-516
018002;80;40;7;127;120;-40
018004;1311;531;155;1997;1842;-780
018030;461;253;77;791;714;-208
018038;300;205;50;555;505;-95
018042;61;44;16;121;105;-17
018048;1119;589;367;2075;1708;-530
018051;273;549;47;869;822;276
018066;28;10;11;49;38;-18
018089;62;39;20;121;101;-23
018115;503;189;103;795;692;-314
018129;572;129;38;739;701;-443
018140;418;202;77;697;620;-216
018141;394;208;32;634;602;-186
018145;141;20;19;180;161;-121
018151;400;87;48;535;487;-313
018156;126;38;23;187;164;-88
018165;368;27;32;427;395;-341
018193;174;97;127;398;271;-77
019002;1309;361;254;1924;1670;-948
026004;1761;1333;537;3631;3094;-428
033045;1282;854;341;2477;2136;-428
034017;1441;1671;658;3770;3112;230
034025;3710;2383;1596;7689;6093;-1327
046010;446;144;115;705;590;-302
051013;3051;1072;730;4853;4123;-1979
051039;3027;4372;1646;9045;7399;1345
051040;2923;879;1179;4981;3802;-2044
052016;3006;3652;893;7551;6658;646
098055;1306;443;124;1873;1749;-863
098059;615;99;64;778;714;-516
108013;1237;1674;243;3154;2911;437
010031;394;128;80;602;522;-266
018064;65;42;27;134;107;-23
018095;438;1178;96;1712;1616;740
018174;121;17;9;147;138;-104
006146;19; ;5;19 5;19 ;-19
010037;391;177;373;941;568;-214
010040;534;225;190;949;759;-309
010060;1018;332;351;1701;1350;-686
010065;252;22;29;303;274;-230
098036;642;172;60;874;814;-470
010043;723;120;106;949;843;-603
010067;575;180;122;877;755;-395
019066;1230;1162;228;2620;2392;-68
026073;1613;733;276;2622;2346;-880
010039;571;119;155;845;690;-452
018108;103;61;17;181;164;-42
006098;44;26;12;82;70;-18
006100;29;3;9;41;32;-26
010062;511;137;228;876;648;-374
097076;904;600;142;1646;1504;-304
023018;2064;1029;1309;4402;3093;-1035
006010;48;4;10;62;52;-44
018016;321;174;121;616;495;-147
014054;648;441;172;1261;1089;-207
017167;1672;838;618;3128;2510;-834
033019;145;88;119;352;233;-57
039018;1180;461;466;2107;1641;-719
048044;5792;3257;1824;10873;9049;-2535
097022;1154;1263;231;2648;2417;109
006016;45;8;5;58;53;-37
006041;21;3;5;29;24;-18
006189;47;1;4;52;48;-46
018007;177;57;29;263;234;-120
018131;154;70;95;319;224;-84
016177;468;168;141;777;636;-300
017190;1605;773;472;2850;2378;-832
018008;253;81;47;381;334;-172
018029;347;150;85;582;497;-197
018080;393;149;36;578;542;-244
018120;295;171;47;513;466;-124
033005;424;276;609;1309;700;-148
033020;148;35;128;311;183;-113
033038;1972;1145;767;3884;3117;-827
034005;105;27;60;192;132;-78
035042;410;149;190;749;559;-261
098017;641;344;144;1129;985;-297
016113;1879;1467;523;3869;3346;-412
018025;24;33;6;63;57;9
006045;16;5;3;24;21;-11
050027;481;874;1150;2505;1355;393
010021;575;85;93;753;660;-490
018111;199;111;55;365;310;-88
018184;146;67;146;359;213;-79
020002;1886;2327;1838;6051;4213;441
033002;1281;1286;559;3126;2567;5
098047;642;107;73;822;749;-535
010018;1733;588;326;2647;2321;-1145
033016;158;34;57;249;192;-124
009008;160;6;25;191;166;-154
016012;845;336;297;1478;1181;-509
018116;229;38;23;290;267;-191
018117;161;68;72;301;229;-93
016215;787;95;91;973;882;-692
018021;71;19;39;129;90;-52
026014;833;574;230;1637;1407;-259
016064;707;243;490;1440;950;-464
035046;424;249;680;1353;673;-175
018167;49;23;10;82;72;-26
033042;877;515;224;1616;1392;-362
033008;767;952;180;1899;1719;185
010052;61;30;76;167;91;-31
013144;763;447;137;1347;1210;-316
018128;92;12;56;160;104;-80
033030;25;11;62;98;36;-14
047007;916;121;202;1239;1037;-795
051017;2575;1771;5059;9405;4346;-804
008044;241;63;53;357;304;-178
016094;662;434;102;1198;1096;-228
018097;110;275;29;414;385;165
018098;63;9;12;84;72;-54
018119;125;54;22;201;179;-71
018124;157;104;22;283;261;-53
018127;250;9;13;272;259;-241
019050;432;167;100;699;599;-265
019084;2162;1006;886;4054;3168;-1156
019111;1119;861;201;2181;1980;-258
019113;953;732;434;2119;1685;-221
020059;393;251;167;811;644;-142
033023;2172;807;306;3285;2979;-1365
033024;1404;1169;396;2969;2573;-235
033043;593;155;154;902;748;-438
040011;384;161;154;699;545;-223
040041;3031;2706;1759;7496;5737;-325
097017;1391;814;267;2472;2205;-577
097092;1521;747;275;2543;2268;-774
098012;1047;149;110;1306;1196;-898
098027;551;165;35;751;716;-386
098029;801;760;201;1762;1561;-41
098034;475;114;48;637;589;-361
011012;205;130;169;504;335;-75
018178;16;13;3;32;29;-3
022009;1371;432;605;2408;1803;-939
098009;1163;398;121;1682;1561;-765
010023;89;16;29;134;105;-73
048030;3511;1605;1696;6812;5116;-1906
007005;247;51;68;366;298;-196
007009;27;118;3;148;145;91
007010;45;23;24;92;68;-22
007025;58;19;18;95;77;-39
007026;112;78;36;226;190;-34
007035;198;56;53;307;254;-142
007047;63;3;18;84;66;-60
007055;11;36;11;58;47;25
007059;125;9;11;145;134;-116
007064;56;68;35;159;124;12
007068;33;3;28;64;36;-30
007070;32;25;22;79;57;-7
013147;1345;1074;256;2675;2419;-271
019076;1464;925;715;3104;2389;-539
023017;2776;1302;552;4630;4078;-1474
023072;1138;639;340;2117;1777;-499
036011;365;280;595;1240;645;-85
036016;215;185;356;756;400;-30
036044;4106;2667;2110;8883;6773;-1439
098058;477;81;78;636;558;-396
098035;884;280;222;1386;1164;-604
036002;3091;2278;1123;6492;5369;-813
008008;1423;1891;1273;4587;3314;468
008007;40;11;32;83;51;-29
008011;1074;1034;505;2613;2108;-40
008029;335;176;261;772;511;-159
008032;114;65;64;243;179;-49
008040;125;40;87;252;165;-85
008043;94;39;80;213;133;-55
008051;54;32;20;106;86;-22
008053;341;50;80;471;391;-291
008063;1330;1134;582;3046;2464;-196
008009;72;50;45;167;122;-22
008010;166;111;64;341;277;-55
008035;91;31;41;163;122;-60
008041;82;19;48;149;101;-63
008064;79;5;18;102;84;-74
008068;89;29;25;143;118;-60
008002;74;66;62;202;140;-8
008001;56;7;27;90;63;-49
008014;398;78;71;547;476;-320
008038;24;20;16;60;44;-4
008047;81;28;23;132;109;-53
008057;47;24;26;97;71;-23
008058;231;62;58;351;293;-169
008060;69;18;16;103;87;-51
008062;298;46;102;446;344;-252
048014;8506;12230;10182;30918;20736;3724
008023;30;10;9;49;40;-20
008048;131;31;48;210;162;-100
008066;62;9;14;85;71;-53
009066;97;2;18;117;99;-95
008005;72;10;15;97;82;-62
008012;72;34;19;125;106;-38
008018;86;14;10;110;100;-72
008019;132;340;51;523;472;208
008030;315;80;78;473;395;-235
008033;63;19;25;107;82;-44
023006;1330;2032;1286;4648;3362;702
008006;234;73;86;393;307;-161
008015;27;13;21;61;40;-14
008020;123;330;64;517;453;207
009059;196;31;46;273;227;-165
008016;179;24;83;286;203;-155
034006;1088;562;1291;2941;1650;-526
008026;648;164;116;928;812;-484
008067;102;33;30;165;135;-69
008003;40;3;8;51;43;-37
008049;69;26;22;117;95;-43
004005;36;1;5;42;37;-35
008061;41;23;38;102;64;-18
009007;138;9;33;180;147;-129
004031;7; ;1;7 1;7 ;-7
008004;24; ;4;24 4;24 ;-24
008034;35;4;18;57;39;-31
008037;25; ;5;25 5;25 ;-25
009069;75;82;15;172;157;7
045007;1120;480;1028;2628;1600;-640
009060;35;7;9;51;42;-28
020039;1526;1782;1219;4527;3308;256
009053;140;7;28;175;147;-133
014024;1404;1135;608;3147;2539;-269
016172;1478;1562;467;3507;3040;84
020018;961;545;443;1949;1506;-416
034024;781;384;416;1581;1165;-397
051020;1715;567;557;2839;2282;-1148
034003;475;327;497;1299;802;-148
053011;4073;5156;24493;33722;9229;1083
009021;22;3;7;32;25;-19
009041;32;7;12;51;39;-25
050009;3799;3126;1256;8181;6925;-673
052035;1406;1027;1032;3465;2433;-379
098053;544;174;98;816;718;-370
014052;598;392;223;1213;990;-206
010036;521;358;287;1166;879;-163
014069;888;390;247;1525;1278;-498
014072;834;355;458;1647;1189;-479
010064;556;53;147;756;609;-503
014030;182;142;30;354;324;-40
014053;221;224;28;473;445;3
013206;2067;1100;318;3485;3167;-967
014019;379;262;386;1027;641;-117
037025;2005;1190;603;3798;3195;-815
014032;383;1142;231;1756;1525;759
034004;347;158;312;817;505;-189
052011;1199;1824;1507;4530;3023;625
017060;1413;302;232;1947;1715;-1111
010029;742;361;102;1205;1103;-381
010053;759;304;177;1240;1063;-455
010063;152;194;27;373;346;42
013157;740;547;96;1383;1287;-193
014015;414;832;133;1379;1246;418
018020;202;280;35;517;482;78
013139;198;33;26;257;231;-165
020070;1685;984;1222;3891;2669;-701
049017;4646;3176;5453;13275;7822;-1470
097003;715;874;119;1708;1589;159
010005;408;62;133;603;470;-346
010041;204;52;33;289;256;-152
011026;3000;2365;783;6148;5365;-635
010013;393;90;91;574;483;-303
010016;456;632;320;1408;1088;176
011032;112;11;38;161;123;-101
010042;124;147;31;302;271;23
010048;105;37;80;222;142;-68
010056;82;37;164;283;119;-45
011029;237;91;300;628;328;-146
010050;10; ;4;10 4;10 ;-10
011008;275;50;45;370;325;-225
011014;100;67;44;211;167;-33
011018;104;21;35;160;125;-83
011025;140;77;50;267;217;-63
015082;816;560;61;1437;1376;-256
010019;75;87;17;179;162;12
010030;101;14;15;130;115;-87
011005;94;107;103;304;201;13
011009;88;14;38;140;102;-74
034040;160;56;92;308;216;-104
046013;1056;3364;925;5345;4420;2308
011028;225;165;150;540;390;-60
045015;438;73;136;647;511;-365
010038;31;24;27;82;55;-7
011001;1074;937;361;2372;2011;-137
011006;201;220;65;486;421;19
011016;2005;1298;783;4086;3303;-707
011019;95;577;394;1066;672;482
011021;140;25;33;198;165;-115
034011;231;217;105;553;448;-14
045008;1231;382;320;1933;1613;-849
045009;1116;407;466;1989;1523;-709
045013;634;150;113;897;784;-484
045014;839;759;1305;2903;1598;-80
045016;1008;482;522;2012;1490;-526
045017;109;25;111;245;134;-84
046023;474;183;256;913;657;-291
051025;1870;1347;1362;4579;3217;-523
053015;1083;702;1396;3181;1785;-381
022054;80;67;16;163;147;-13
011024;171;389;250;810;560;218
010022;11;2;6;19;13;-9
010024;33;17;16;66;50;-16
010026;10;4;10;24;14;-6
011010;101;75;27;203;176;-26
014037;221;594;2641;3456;815;373
014060;640;1121;769;2530;1761;481
014065;844;679;588;2111;1523;-165
015202;1655;553;199;2407;2208;-1102
016080;500;678;85;1263;1178;178
016104;963;308;289;1560;1271;-655
017043;3318;3491;1381;8190;6809;173
017046;3104;3002;1000;7106;6106;-102
017061;4827;2814;1220;8861;7641;-2013
017103;2693;3576;2095;8364;6269;883
018058;111;80;19;210;191;-31
018094;154;66;99;319;220;-88
018125;9;32;4;45;41;23
027013;2892;1142;1225;5259;4034;-1750
027028;4263;2996;864;8123;7259;-1267
028022;480;209;95;784;689;-271
028096;1817;1761;325;3903;3578;-56
033015;9;5;9;23;14;-4
033035;2565;3479;960;7004;6044;914
033044;471;283;226;980;754;-188
033047;3;3;4;10;6;0
034001;495;117;186;798;612;-378
034009;3788;6381;2090;12259;10169;2593
034018;2172;2414;2113;6699;4586;242
034019;1742;773;423;2938;2515;-969
034049;2263;1029;810;4102;3292;-1234
035029;1783;1450;915;4148;3233;-333
035045;661;222;461;1344;883;-439
037015;937;484;234;1655;1421;-453
037027;884;1129;871;2884;2013;245
037041;1780;351;563;2694;2131;-1429
038001;4057;1849;3102;9008;5906;-2208
045005;107;81;77;265;188;-26
045006;552;91;164;807;643;-461
046006;546;104;131;781;650;-442
046019;352;79;200;631;431;-273
048038;3833;2358;2184;8375;6191;-1475
049007;4080;3034;5498;12612;7114;-1046
049008;4461;3883;1488;9832;8344;-578
050003;1987;477;360;2824;2464;-1510
050029;5819;12432;4862;23113;18251;6613
050031;9063;2915;2280;14258;11978;-6148
050032;6428;5424;4425;16277;11852;-1004
050033;3017;6102;2268;11387;9119;3085
050035;3959;1779;1292;7030;5738;-2180
050038;2638;2035;681;5354;4673;-603
051004;1825;2065;2619;6509;3890;240
051005;2550;1900;1233;5683;4450;-650
051022;1011;674;393;2078;1685;-337
051026;4625;6228;4503;15356;10853;1603
051033;4379;2657;1751;8787;7036;-1722
052028;1535;2256;1434;5225;3791;721
053016;842;763;2483;4088;1605;-79
053024;909;1413;439;2761;2322;504
054001;4602;5357;5359;15318;9959;755
054039;13749;25330;45506;84585;39079;11581
097062;1302;453;126;1881;1755;-849
097074;724;486;112;1322;1210;-238
098008;1120;463;111;1694;1583;-657
098041;2110;576;283;2969;2686;-1534
099014;12420;18364;39174;69958;30784;5944
034002;220;142;390;752;362;-78
050004;4249;3126;949;8324;7375;-1123
050028;4437;2412;1440;8289;6849;-2025
097036;2593;1171;554;4318;3764;-1422
050037;3432;1448;883;5763;4880;-1984
014004;220;155;316;691;375;-65
053010;1725;588;824;3137;2313;-1137
027021;6691;2780;1434;10905;9471;-3911
049004;392;415;774;1581;807;23
027019;3246;5390;6366;15002;8636;2144
013170;884;1598;151;2633;2482;714
046030;629;174;268;1071;803;-455
051031;1255;992;831;3078;2247;-263
045004;166;35;64;265;201;-131
046008;97;23;37;157;120;-74
022229;947;135;974;2056;1082;-812
058082;2640;428;709;3777;3068;-2212
046037;236;26;93;355;262;-210
034033;1573;764;737;3074;2337;-809
017002;1999;2546;781;5326;4545;547
019021;2687;2672;2924;8283;5359;-15
024124;1717;1383;679;3779;3100;-334
034023;3329;1634;1067;6030;4963;-1695
034042;2471;1720;1354;5545;4191;-751
037001;3647;4533;1291;9471;8180;886
046025;592;349;198;1139;941;-243
046026;2346;4213;1104;7663;6559;1867
046034;347;350;178;875;697;3
047002;5222;3054;1817;10093;8276;-2168
047003;2590;1129;663;4382;3719;-1461
047008;2047;2289;652;4988;4336;242
047017;6287;3107;4062;13456;9394;-3180
047021;1879;697;323;2899;2576;-1182
047022;1297;1211;330;2838;2508;-86
048006;13514;13729;5650;32893;27243;215
048024;5906;2696;1932;10534;8602;-3210
048028;4323;2806;1456;8585;7129;-1517
048035;4350;2998;1973;9321;7348;-1352
048043;12770;15677;5816;34263;28447;2907
050001;2677;2223;734;5634;4900;-454
050022;3258;2222;1096;6576;5480;-1036
050024;1327;369;354;2050;1696;-958
052034;2582;2104;1187;5873;4686;-478
058043;5156;2557;2554;10267;7713;-2599
047016;2522;1089;686;4297;3611;-1433
014009;431;1514;891;2836;1945;1083
034022;86;53;125;264;139;-33
017179;1685;1611;1552;4848;3296;-74
020042;1470;1253;991;3714;2723;-217
046004;1398;1885;1048;4331;3283;487
046022;831;623;303;1757;1454;-208
049006;847;1403;1973;4223;2250;556
048041;11861;16482;6892;35235;28343;4621
050041;1498;1214;574;3286;2712;-284
012052;359;137;75;571;496;-222
012080;716;575;132;1423;1291;-141
013100;1055;580;163;1798;1635;-475
012056;95;16;15;126;111;-79
012099;62;2;16;80;64;-60
012117;451;172;119;742;623;-279
013059;229;61;30;320;290;-168
013099;1159;496;199;1854;1655;-663
013145;473;952;440;1865;1425;479
019109;872;711;224;1807;1583;-161
012129;32;14;6;52;46;-18
097049;2811;1577;609;4997;4388;-1234
012066;36;1;4;41;37;-35
013199;351;103;67;521;454;-248
097058;1961;1049;326;3336;3010;-912
018063;261;147;29;437;408;-114
023055;2962;3399;1191;7552;6361;437
097065;594;202;144;940;796;-392
013044;313;114;49;476;427;-199
019112;1506;749;285;2540;2255;-757
097051;1197;1371;192;2760;2568;174
108042;1529;958;238;2725;2487;-571
013026;302;166;43;511;468;-136
097001;1029;400;187;1616;1429;-629
013249;781;747;456;1984;1528;-34
013029;728;312;124;1164;1040;-416
013229;784;131;122;1037;915;-653
016057;1356;1579;375;3310;2935;223
024055;4194;3063;1874;9131;7257;-1131
097025;277;584;158;1019;861;307
097038;896;769;119;1784;1665;-127
097052;607;406;95;1108;1013;-201
097082;1210;337;139;1686;1547;-873
013006;471;328;42;841;799;-143
013025;62;9;8;79;71;-53
013047;486;388;176;1050;874;-98
013058;476;361;45;882;837;-115
013118;2884;2109;662;5655;4993;-775
013120;112;59;27;198;171;-53
013183;211;154;65;430;365;-57
013188;1331;488;210;2029;1819;-843
013189;528;729;491;1748;1257;201
013193;450;214;54;718;664;-236
013248;363;93;94;550;456;-270
015042;417;413;34;864;830;-4
015044;2473;2290;387;5150;4763;-183
015101;1095;535;114;1744;1630;-560
016005;1650;2061;355;4066;3711;411
016009;854;742;101;1697;1596;-112
016043;1754;3205;613;5572;4959;1451
016156;1596;542;208;2346;2138;-1054
016167;542;628;61;1231;1170;86
016180;248;77;38;363;325;-171
016193;1944;1509;668;4121;3453;-435
016196;796;270;145;1211;1066;-526
016206;1861;886;407;3154;2747;-975
016210;113;25;72;210;138;-88
016252;941;393;439;1773;1334;-548
019020;644;329;74;1047;973;-315
028089;2689;1631;615;4935;4320;-1058
028107;2125;1204;568;3897;3329;-921
037042;3422;1359;882;5663;4781;-2063
039014;11616;14358;46596;72570;25974;2742
097005;749;933;171;1853;1682;184
097023;1538;2221;1339;5098;3759;683
097026;1405;1948;480;3833;3353;543
097034;215;2;25;242;217;-213
097035;140;22;118;280;162;-118
097043;660;162;147;969;822;-498
097070;584;367;223;1174;951;-217
108046;2294;1107;340;3741;3401;-1187
016194;3184;1966;634;5784;5150;-1218
027017;2212;2392;616;5220;4604;180
028002;877;358;253;1488;1235;-519
097024;637;218;94;949;855;-419
016250;780;1428;146;2354;2208;648
013077;137;21;28;186;158;-116
013083;135;53;26;214;188;-82
013152;353;188;76;617;541;-165
013203;108;101;20;229;209;-7
016040;1987;1252;491;3730;3239;-735
016176;1444;1605;252;3301;3049;161
016243;208;255;329;792;463;47
049012;2213;3180;8181;13574;5393;967
097010;1339;1274;323;2936;2613;-65
097011;914;944;152;2010;1858;30
097075;712;1368;156;2236;2080;656
108038;1345;864;169;2378;2209;-481
013113;149;155;37;341;304;6
013134;676;177;55;908;853;-499
015230;3222;923;533;4678;4145;-2299
040032;1277;798;1008;3083;2075;-479
103005;21;17;3;41;38;-4
108014;775;330;48;1153;1105;-445
013218;155;47;19;221;202;-108
016050;369;202;46;617;571;-167
016066;1024;545;119;1688;1569;-479
016114;1578;1373;287;3238;2951;-205
019097;1455;1511;1221;4187;2966;56
037014;257;71;147;475;328;-186
097004;1417;363;270;2050;1780;-1054
097086;869;343;120;1332;1212;-526
098020;888;132;92;1112;1020;-756
013071;84;15;23;122;99;-69
013090;674;447;293;1414;1121;-227
013186;192;43;25;260;235;-149
097019;929;517;119;1565;1446;-412
103079;63;25;15;103;88;-38
018093;1072;570;319;1961;1642;-502
016092;262;26;48;336;288;-236
012001;45;22;14;81;67;-23
012061;21;1;9;31;22;-20
016174;569;157;153;879;726;-412
034030;746;295;357;1398;1041;-451
064091;132;20;43;195;152;-112
097040;508;385;176;1069;893;-123
097056;1140;868;191;2199;2008;-272
013015;159;57;33;249;216;-102
013074;111;16;10;137;127;-95
014007;1046;816;435;2297;1862;-230
014035;60;169;96;325;229;109
016068;877;324;95;1296;1201;-553
016099;371;108;47;526;479;-263
016129;834;1110;317;2261;1944;276
016157;1698;947;581;3226;2645;-751
016179;364;93;45;502;457;-271
016186;209;41;52;302;250;-168
017092;4323;4467;2409;11199;8790;144
017104;1090;993;496;2579;2083;-97
017150;1867;846;690;3403;2713;-1021
017199;3033;2263;945;6241;5296;-770
018009;608;48;85;741;656;-560
019062;1627;2355;649;4631;3982;728
023074;172;54;69;295;226;-118
028050;2048;1209;508;3765;3257;-839
028068;1015;479;226;1720;1494;-536
037024;3364;1810;1722;6896;5174;-1554
038018;2954;1621;814;5389;4575;-1333
097060;353;97;69;519;450;-256
097090;710;713;115;1538;1423;3
103014;111;48;21;180;159;-63
013217;162;45;44;251;207;-117
016221;459;44;52;555;503;-415
070053;205;58;124;387;263;-147
013098;312;23;45;380;335;-289
013126;358;144;281;783;502;-214
016028;2150;1672;586;4408;3822;-478
023095;1397;899;741;3037;2296;-498
019086;996;909;254;2159;1905;-87
013161;296;38;63;397;334;-258
013254;704;393;336;1433;1097;-311
019015;773;218;102;1093;991;-555
023042;3053;1554;619;5226;4607;-1499
097078;608;360;77;1045;968;-248
016085;132;5;40;177;137;-127
027005;1431;2220;2067;5718;3651;789
013011;146;134;64;344;280;-12
013192;325;132;38;495;457;-193
013107;278;409;70;757;687;131
014048;356;1207;155;1718;1563;851
023097;4467;3792;1947;10206;8259;-675
097030;616;340;239;1195;956;-276
018053;578;251;75;904;829;-327
038017;1177;1983;763;3923;3160;806
097020;1193;2196;177;3566;3389;1003
097029;520;240;102;862;760;-280
016199;484;187;237;908;671;-297
018157;340;12;25;377;352;-328
023025;3959;3091;2631;9681;7050;-868
098005;880;581;128;1589;1461;-299
015219;1929;1376;309;3614;3305;-553
019010;375;242;105;722;617;-133
019039;105;56;29;190;161;-49
019048;528;43;42;613;571;-485
019081;1161;733;171;2065;1894;-428
019094;1146;473;231;1850;1619;-673
028103;3605;2248;735;6588;5853;-1357
097033;405;69;45;519;474;-336
108037;1250;994;263;2507;2244;-256
097008;821;292;272;1385;1113;-529
028054;3815;3490;1004;8309;7305;-325
034012;317;144;248;709;461;-173
097007;344;280;104;728;624;-64
013089;329;340;154;823;669;11
013239;192;14;35;241;206;-178
013250;462;700;891;2053;1162;238
019056;632;532;83;1247;1164;-100
023024;419;344;161;924;763;-75
028085;3592;2348;672;6612;5940;-1244
029031;786;632;468;1886;1418;-154
099020;2139;2039;1231;5409;4178;-100
019051;513;279;124;916;792;-234
023026;836;93;162;1091;929;-743
013052;536;152;68;756;688;-384
020072;1411;1151;509;3071;2562;-260
013184;48;13;8;69;61;-35
022025;992;205;404;1601;1197;-787
016160;2051;2574;360;4985;4625;523
028078;1113;1136;520;2769;2249;23
013063;127;22;19;168;149;-105
013111;244;271;101;616;515;27
013195;96;30;9;135;126;-66
013207;31;25;10;66;56;-6
013211;185;15;56;256;200;-170
014008;301;282;78;661;583;-19
016060;793;1383;344;2520;2176;590
016109;486;89;59;634;575;-397
025004;515;255;226;996;770;-260
026001;2006;1808;806;4620;3814;-198
026008;3652;3593;765;8010;7245;-59
027044;2230;1219;2295;5744;3449;-1011
038011;1127;282;398;1807;1409;-845
097028;553;339;70;962;892;-214
097037;838;1605;146;2589;2443;767
013037;129;23;20;172;152;-106
014067;186;60;42;288;246;-126
016253;687;992;875;2554;1679;305
014027;967;792;370;2129;1759;-175
014046;435;147;88;670;582;-288
016185;249;25;52;326;274;-224
016203;1595;585;212;2392;2180;-1010
016216;891;810;116;1817;1701;-81
017062;2016;1917;781;4714;3933;-99
027022;1777;1115;548;3440;2892;-662
013030;84;59;13;156;143;-25
013185;182;34;52;268;216;-148
016058;956;902;399;2257;1858;-54
097050;142;94;35;271;236;-48
097047;110;60;29;199;170;-50
013187;37; ;9;37 9;37 ;-37
036041;2827;1244;827;4898;4071;-1583
014010;469;467;174;1110;936;-2
014020;609;726;253;1588;1335;117
014031;48;41;12;101;89;-7
014049;551;344;155;1050;895;-207
014064;38;24;16;78;62;-14
015110;1152;655;116;1923;1807;-497
016056;48;13;30;91;61;-35
016097;460;373;52;885;833;-87
016208;412;61;34;507;473;-351
016246;2108;1450;1093;4651;3558;-658
016248;180;57;27;264;237;-123
016251;734;285;70;1089;1019;-449
022127;733;226;130;1089;959;-507
014039;223;232;37;492;455;9
014050;397;152;107;656;549;-245
097067;175;180;79;434;355;5
013021;68;10;9;87;78;-58
013085;32;17;10;59;49;-15
013160;231;36;34;301;267;-195
013204;124;15;62;201;139;-109
014026;770;1155;390;2315;1925;385
014051;541;329;108;978;870;-212
023062;718;804;171;1693;1522;86
016041;27; ;8;27 8;27 ;-27
014034;375;493;208;1076;868;118
016070;1230;1012;366;2608;2242;-218
097015;208;99;71;378;307;-109
013106;133;16;24;173;149;-117
013155;54;11;9;74;65;-43
013226;58;1;7;66;59;-57
013236;43;27;14;84;70;-16
014002;930;304;152;1386;1234;-626
014011;333;315;50;698;648;-18
014022;337;89;55;481;426;-248
014041;237;34;59;330;271;-203
014044;888;453;137;1478;1341;-435
014056;177;302;24;503;479;125
014057;642;142;215;999;784;-500
014063;1135;905;583;2623;2040;-230
014071;875;244;438;1557;1119;-631
014074;203;49;77;329;252;-154
014075;247;79;49;375;326;-168
014077;140;72;50;262;212;-68
016001;576;872;323;1771;1448;296
016006;2185;1534;484;4203;3719;-651
016023;683;125;153;961;808;-558
016063;890;493;185;1568;1383;-397
016082;272;25;50;347;297;-247
016098;1026;1567;189;2782;2593;541
016127;201;19;37;257;220;-182
016140;779;380;145;1304;1159;-399
016154;646;755;153;1554;1401;109
016235;333;473;95;901;806;140
017138;1317;455;374;2146;1772;-862
017159;1443;646;969;3058;2089;-797
017186;2074;2141;496;4711;4215;67
017201;1676;963;415;3054;2639;-713
018071;517;114;81;712;631;-403
018133;150;241;28;419;391;91
023041;949;662;335;1946;1611;-287
023064;1484;807;759;3050;2291;-677
023065;729;423;212;1364;1152;-306
023066;483;430;161;1074;913;-53
027026;4814;3035;1508;9357;7849;-1779
028101;1544;1518;634;3696;3062;-26
029033;3406;2253;1334;6993;5659;-1153
033007;1644;1098;652;3394;2742;-546
035032;2022;2349;1542;5913;4371;327
037028;1689;441;369;2499;2130;-1248
037040;770;228;480;1478;998;-542
093035;1021;722;282;2025;1743;-299
097069;233;131;683;1047;364;-102
097079;159;131;39;329;290;-28
097093;112;54;36;202;166;-58
098003;659;136;66;861;795;-523
098018;820;177;95;1092;997;-643
098025;762;244;117;1123;1006;-518
098032;2235;1549;611;4395;3784;-686
098037;1530;1368;286;3184;2898;-162
098046;940;245;87;1272;1185;-695
014012;146;110;120;376;256;-36
013092;44;10;16;70;54;-34
013130;44;4;10;58;48;-40
013178;44;20;12;76;64;-24
014017;237;66;29;332;303;-171
014021;97;4;6;107;101;-93
014043;440;359;78;877;799;-81
014025;141;21;16;178;162;-120
016062;2702;3230;1331;7263;5932;528
016076;1330;1791;623;3744;3121;461
017120;1570;780;287;2637;2350;-790
029011;390;295;101;786;685;-95
097018;163;63;30;256;226;-100
097027;79;46;14;139;125;-33
097055;6; ;4;6 4;6 ;-6
097063;86;12;13;111;98;-74
017001;396;267;163;826;663;-129
014001;66;33;18;117;99;-33
014003;156;607;36;799;763;451
014005;869;315;220;1404;1184;-554
014023;443;149;77;669;592;-294
014029;219;101;51;371;320;-118
097032;89;12;11;112;101;-77
097077;38;13;4;55;51;-25
013246;33;89;23;145;122;56
017136;2184;2584;547;5315;4768;400
093037;4944;3964;2813;11721;8908;-980
097064;47; ;4;47 4;47 ;-47
014070;624;103;79;806;727;-521
016225;153;3;31;187;156;-150
029022;1080;548;397;2025;1628;-532
016010;880;1299;350;2529;2179;419
016122;195;610;41;846;805;415
020012;405;239;124;768;644;-166
036012;2790;2122;2590;7502;4912;-668
014006;28;7;5;40;35;-21
016171;1030;605;205;1840;1635;-425
013062;10; ;6;10 6;10 ;-10
013233;16; ;6;16 6;16 ;-16
014016;121;274;21;416;395;153
014036;292;69;100;461;361;-223
029052;2226;2013;2652;6891;4239;-213
014033;995;397;414;1806;1392;-598
014013;308;40;86;434;348;-268
020028;1219;1350;998;3567;2569;131
014014;169;19;21;209;188;-150
014028;166;12;13;191;178;-154
014066;1338;1497;1720;4555;2835;159
014055;78; ;11;78 11;78 ;-78
024083;1900;1284;494;3678;3184;-616
014078;727;425;320;1472;1152;-302
016187;1166;645;312;2123;1811;-521
017016;385;139;107;631;524;-246
017047;285;257;83;625;542;-28
017051;187;15;51;253;202;-172
017063;366;127;262;755;493;-239
017068;753;681;735;2169;1434;-72
017101;594;327;414;1335;921;-267
017181;277;400;113;790;677;123
014073;486;182;281;949;668;-304
014076;63;48;5;116;111;-15
026026;2255;1540;991;4786;3795;-715
014038;165;199;37;401;364;34
014040;308;181;49;538;489;-127
014059;141;99;15;255;240;-42
014068;202;189;34;425;391;-13
016205;290;164;43;497;454;-126
016249;73;8;10;91;81;-65
038003;2855;874;1998;5727;3729;-1981
022233;418;352;309;1079;770;-66
024038;3670;3776;1561;9007;7446;106
014058;61;4;12;77;65;-57
017083;85;108;15;208;193;23
014047;10; ;2;10 2;10 ;-10
016078;223;116;180;519;339;-107
017050;500;458;96;1054;958;-42
026051;4543;6599;3361;14503;11142;2056
026009;4383;3021;1018;8422;7404;-1362
026044;1271;2314;432;4017;3585;1043
026075;3077;2902;690;6669;5979;-175
026095;3596;1572;1067;6235;5168;-2024
027020;5796;4538;1569;11903;10334;-1258
029029;2641;1423;1474;5538;4064;-1218
031007;3906;5736;7652;17294;9642;1830
037036;1973;556;535;3064;2529;-1417
038028;2654;1615;987;5256;4269;-1039
017198;305;110;209;624;415;-195
037003;2301;343;419;3063;2644;-1958
016149;245;245;64;554;490;0
026081;3169;3244;744;7157;6413;75
037038;2654;2484;886;6024;5138;-170
014062;20; ;7;20 7;20 ;-20
016182;1073;1205;364;2642;2278;132
016204;1400;783;395;2578;2183;-617
017006;709;81;113;903;790;-628
017007;1027;710;326;2063;1737;-317
017018;854;483;421;1758;1337;-371
017022;506;159;281;946;665;-347
017028;919;2736;645;4300;3655;1817
017054;154;16;18;188;170;-138
017079;631;366;139;1136;997;-265
017118;571;358;116;1045;929;-213
017135;163;4;17;184;167;-159
017143;1870;1764;896;4530;3634;-106
017169;811;599;393;1803;1410;-212
017170;2247;2583;1329;6159;4830;336
017176;351;439;111;901;790;88
024078;2539;1076;562;4177;3615;-1463
017184;210;130;141;481;340;-80
016069;1269;1686;275;3230;2955;417
017035;570;231;147;948;801;-339
017059;2136;2015;816;4967;4151;-121
017096;2934;2870;5425;11229;5804;-64
022213;311;93;265;669;404;-218
028093;3492;2673;1754;7919;6165;-819
026033;1733;1684;570;3987;3417;-49
037039;3550;1704;2314;7568;5254;-1846
019103;395;104;115;614;499;-291
098051;618;118;74;810;736;-500
019019;162;141;31;334;303;-21
098013;450;137;119;706;587;-313
016015;162;36;28;226;198;-126
016026;172;9;21;202;181;-163
017182;616;143;103;862;759;-473
019064;623;257;277;1157;880;-366
019088;514;287;220;1021;801;-227
019092;296;114;116;526;410;-182
016241;495;633;135;1263;1128;138
019073;373;30;43;446;403;-343
033027;1227;830;576;2633;2057;-397
016083;667;445;121;1233;1112;-222
016084;1116;1734;198;3048;2850;618
016118;250;227;134;611;477;-23
016234;1167;983;415;2565;2150;-184
017013;782;410;183;1375;1192;-372
017030;249;87;36;372;336;-162
017058;472;63;250;785;535;-409
017109;811;514;217;1542;1325;-297
017129;1403;777;377;2557;2180;-626
017134;1607;1297;433;3337;2904;-310
018036;186;93;37;316;279;-93
018077;483;77;52;612;560;-406
018105;39;46;13;98;85;7
018114;708;374;230;1312;1082;-334
018181;521;49;64;634;570;-472
019011;221;262;22;505;483;41
019034;481;195;82;758;676;-286
019044;269;75;54;398;344;-194
019068;1176;317;146;1639;1493;-859
019087;406;250;62;718;656;-156
019110;416;235;144;795;651;-181
028072;5049;5894;1403;12346;10943;845
033001;519;271;170;960;790;-248
033004;535;146;317;998;681;-389
033014;1512;736;494;2742;2248;-776
033048;626;435;239;1300;1061;-191
034045;703;749;345;1797;1452;46
056059;4151;11347;18641;34139;15498;7196
079110;216;59;170;445;275;-157
098004;1343;426;288;2057;1769;-917
098006;866;219;148;1233;1085;-647
098014;1397;541;401;2339;1938;-856
098021;1018;779;138;1935;1797;-239
098022;366;112;61;539;478;-254
098026;869;555;89;1513;1424;-314
098028;753;357;187;1297;1110;-396
098030;706;834;211;1751;1540;128
098042;604;179;113;896;783;-425
098044;432;484;107;1023;916;52
098052;650;257;77;984;907;-393
098054;1111;1640;367;3118;2751;529
098060;686;192;74;952;878;-494
016111;1377;1131;351;2859;2508;-246
019003;532;164;130;826;696;-368
019022;408;461;142;1011;869;53
016161;514;105;94;713;619;-409
017026;630;437;88;1155;1067;-193
017195;1652;2601;1499;5752;4253;949
019047;286;158;110;554;444;-128
016036;122;63;98;283;185;-59
017111;428;30;169;627;458;-398
019055;892;695;192;1779;1587;-197
019065;367;205;89;661;572;-162
019072;863;360;109;1332;1223;-503
019060;200;106;48;354;306;-94
019105;159;55;18;232;214;-104
017099;1174;497;232;1903;1671;-677
017117;3017;1584;1068;5669;4601;-1433
019095;1062;357;177;1596;1419;-705
016002;265;55;30;350;320;-210
016107;273;27;45;345;300;-246
016211;496;199;217;912;695;-297
016217;337;185;88;610;522;-152
017204;1931;1860;943;4734;3791;-71
019024;156;16;16;188;172;-140
027014;2708;2196;669;5573;4904;-512
034028;143;51;146;340;194;-92
016071;454;289;78;821;743;-165
016090;60;9;6;75;69;-51
017093;161;276;22;459;437;115
017114;1665;1219;409;3293;2884;-446
019018;369;131;64;564;500;-238
028073;1565;1372;289;3226;2937;-193
033010;1096;1141;596;2833;2237;45
034041;2585;2817;835;6237;5402;232
035006;1462;1869;782;4113;3331;407
098062;472;116;54;642;588;-356
017091;1169;1177;293;2639;2346;8
017102;1489;1191;615;3295;2680;-298
017146;1104;711;278;2093;1815;-393
017185;146;58;285;489;204;-88
017200;427;100;76;603;527;-327
019031;256;281;97;634;537;25
027039;2465;991;368;3824;3456;-1474
019049;188;85;29;302;273;-103
016168;446;746;147;1339;1192;300
018074;40;36;16;92;76;-4
027032;4213;1771;845;6829;5984;-2442
028059;1775;595;362;2732;2370;-1180
016048;175;54;32;261;229;-121
016102;160;11;21;192;171;-149
016125;130;245;51;426;375;115
016200;462;207;123;792;669;-255
017106;796;372;325;1493;1168;-424
017124;314;72;33;419;386;-242
079160;3663;4430;15183;23276;8093;767
016019;208;271;44;523;479;63
016124;1036;788;439;2263;1824;-248
016032;376;202;44;622;578;-174
016065;385;137;36;558;522;-248
016067;515;686;118;1319;1201;171
016159;95;5;20;120;100;-90
016165;77;12;43;132;89;-65
016190;975;1355;614;2944;2330;380
016197;450;133;256;839;583;-317
016201;207;262;36;505;469;55
016237;136;22;73;231;158;-114
017031;720;245;146;1111;965;-475
017095;77;1;18;96;78;-76
019006;511;136;40;687;647;-375
019033;369;433;113;915;802;64
019037;612;450;82;1144;1062;-162
019054;662;228;107;997;890;-434
019082;191;64;13;268;255;-127
019091;133;94;14;241;227;-39
019107;484;282;217;983;766;-202
037047;3948;3456;2521;9925;7404;-492
037048;1959;1363;720;4042;3322;-596
098038;128;62;13;203;190;-66
016137;356;130;62;548;486;-226
016164;302;254;107;663;556;-48
018096;105;69;47;221;174;-36
016033;262;15;80;357;277;-247
016093;875;722;330;1927;1597;-153
016103;27;9;31;67;36;-18
016223;179;46;136;361;225;-133
016247;187;302;77;566;489;115
017142;1321;1584;456;3361;2905;263
019045;236;377;63;676;613;141
028003;8734;4703;1935;15372;13437;-4031
017130;1211;751;232;2194;1962;-460
018031;130;459;20;609;589;329
018187;149;53;19;221;202;-96
019016;820;1243;464;2527;2063;423
019069;444;252;115;811;696;-192
019075;462;268;97;827;730;-194
017121;375;1244;311;1930;1619;869
016110;224;37;35;296;261;-187
020036;1318;620;552;2490;1938;-698
017155;2000;1380;654;4034;3380;-620
016035;219;109;35;363;328;-110
016116;423;111;72;606;534;-312
017015;929;559;162;1650;1488;-370
017119;1168;836;310;2314;2004;-332
019099;689;961;304;1954;1650;272
016148;165;13;21;199;178;-152
016022;206;49;26;281;255;-157
019038;214;57;24;295;271;-157
019080;325;254;49;628;579;-71
019104;137;156;16;309;293;19
019032;331;115;54;500;446;-216
021040;5393;2642;2218;10253;8035;-2751
018158;100;14;13;127;114;-86
016130;300;260;22;582;560;-40
016236;446;146;34;626;592;-300
019089;351;105;118;574;456;-246
022124;755;564;315;1634;1319;-191
033046;372;466;237;1075;838;94
017197;828;1659;740;3227;2487;831
018082;27;27;14;68;54;0
017196;1116;439;294;1849;1555;-677
019116;907;987;514;2408;1894;80
017123;955;789;274;2018;1744;-166
033034;127;48;48;223;175;-79
016014;50;22;5;77;72;-28
016025;428;81;75;584;509;-347
016100;890;561;147;1598;1451;-329
016106;38;13;21;72;51;-25
016119;268;155;32;455;423;-113
016121;38;16;10;64;54;-22
016136;52;45;8;105;97;-7
016146;220;100;136;456;320;-120
016147;37;48;5;90;85;11
016151;35;20;6;61;55;-15
016162;414;257;58;729;671;-157
016163;335;369;40;744;704;34
016175;359;60;29;448;419;-299
016184;104;5;26;135;109;-99
016191;138;34;36;208;172;-104
016195;210;102;152;464;312;-108
016226;23;18;17;58;41;-5
016229;65;5;18;88;70;-60
016230;28;5;19;52;33;-23
017004;683;376;235;1294;1059;-307
017005;112;19;27;158;131;-93
017010;747;192;553;1492;939;-555
017017;691;495;220;1406;1186;-196
017019;327;543;164;1034;870;216
017024;506;106;172;784;612;-400
017027;210;194;31;435;404;-16
017034;1866;1287;1394;4547;3153;-579
017036;82;3;23;108;85;-79
017049;205;281;22;508;486;76
017055;638;1106;288;2032;1744;468
017071;551;149;139;839;700;-402
017073;1029;514;597;2140;1543;-515
017074;603;785;265;1653;1388;182
017076;406;509;489;1404;915;103
017080;1221;696;607;2524;1917;-525
017082;505;269;205;979;774;-236
017086;951;861;655;2467;1812;-90
017087;126;146;36;308;272;20
017090;441;178;180;799;619;-263
017094;197;76;21;294;273;-121
017097;439;1027;118;1584;1466;588
017100;491;306;131;928;797;-185
017108;513;327;149;989;840;-186
017116;861;681;190;1732;1542;-180
017132;685;610;145;1440;1295;-75
017137;637;748;409;1794;1385;111
017141;403;69;89;561;472;-334
017145;892;801;217;1910;1693;-91
017152;693;738;344;1775;1431;45
017153;422;281;117;820;703;-141
017160;739;742;452;1933;1481;3
017164;1288;1147;349;2784;2435;-141
017168;1103;695;422;2220;1798;-408
017171;915;675;325;1915;1590;-240
017172;914;373;177;1464;1287;-541
017175;168;30;27;225;198;-138
017177;328;290;185;803;618;-38
017178;873;119;188;1180;992;-754
017183;329;231;92;652;560;-98
017189;369;67;416;852;436;-302
017193;464;88;99;651;552;-376
017202;138;21;38;197;159;-117
017205;245;68;109;422;313;-177
018006;116;65;30;211;181;-51
018099;144;45;52;241;189;-99
018188;110;35;15;160;145;-75
019001;317;158;72;547;475;-159
019004;166;63;27;256;229;-103
019007;156;200;36;392;356;44
019009;321;123;102;546;444;-198
019013;152;283;37;472;435;131
019014;106;139;19;264;245;33
019023;157;83;23;263;240;-74
019027;80;64;24;168;144;-16
019028;135;94;30;259;229;-41
019030;271;210;55;536;481;-61
019043;396;334;72;802;730;-62
019052;734;408;231;1373;1142;-326
019053;268;79;96;443;347;-189
019057;738;60;73;871;798;-678
019061;230;148;56;434;378;-82
019063;313;47;26;386;360;-266
019070;131;110;36;277;241;-21
019074;409;53;43;505;462;-356
019077;457;447;123;1027;904;-10
019083;449;591;187;1227;1040;142
019085;513;533;209;1255;1046;20
019090;445;915;271;1631;1360;470
019093;140;23;33;196;163;-117
019096;271;312;54;637;583;41
019100;491;301;87;879;792;-190
019108;158;37;24;219;195;-121
020003;1544;1468;786;3798;3012;-76
020007;964;617;509;2090;1581;-347
020010;550;530;287;1367;1080;-20
020011;650;693;341;1684;1343;43
020013;896;696;395;1987;1592;-200
020014;1299;561;554;2414;1860;-738
020016;1314;903;694;2911;2217;-411
020019;601;678;387;1666;1279;77
020020;283;207;102;592;490;-76
020024;600;1558;556;2714;2158;958
020025;477;297;254;1028;774;-180
020031;1486;1393;815;3694;2879;-93
020033;2036;1218;836;4090;3254;-818
020035;1392;519;707;2618;1911;-873
020038;1413;1110;888;3411;2523;-303
020044;684;460;155;1299;1144;-224
020048;314;111;97;522;425;-203
020064;515;315;190;1020;830;-200
021002;344;221;109;674;565;-123
021008;5712;31759;37050;74521;37471;26047
021011;3217;5445;6352;15014;8662;2228
021013;2053;6662;5248;13963;8715;4609
021019;1013;912;1673;3598;1925;-101
021029;1295;2585;839;4719;3880;1290
021038;1561;1361;615;3537;2922;-200
021076;1033;367;407;1807;1400;-666
021089;310;490;570;1370;800;180
021111;1458;1607;643;3708;3065;149
021115;1085;2625;1818;5528;3710;1540
022007;899;675;661;2235;1574;-224
022034;1334;414;300;2048;1748;-920
022061;1463;409;268;2140;1872;-1054
022087;487;242;511;1240;729;-245
022131;186;159;110;455;345;-27
022183;836;788;810;2434;1624;-48
022184;164;113;43;320;277;-51
022222;1355;477;230;2062;1832;-878
022224;1034;646;260;1940;1680;-388
022228;618;457;407;1482;1075;-161
022243;910;243;251;1404;1153;-667
022247;423;203;100;726;626;-220
023001;689;2236;321;3246;2925;1547
023019;1485;565;508;2558;2050;-920
023023;1967;1535;541;4043;3502;-432
023027;2114;1726;1107;4947;3840;-388
023031;721;1258;256;2235;1979;537
023036;784;1073;766;2623;1857;289
023037;1257;1251;675;3183;2508;-6
023046;845;650;369;1864;1495;-195
023050;2602;1027;900;4529;3629;-1575
023060;2360;1139;653;4152;3499;-1221
023061;777;198;162;1137;975;-579
023063;1067;454;396;1917;1521;-613
023070;1099;604;807;2510;1703;-495
023075;860;556;297;1713;1416;-304
023084;775;974;301;2050;1749;199
023092;1651;1054;439;3144;2705;-597
024004;3985;4866;1106;9957;8851;881
024013;2160;1527;521;4208;3687;-633
024015;1697;3465;924;6086;5162;1768
024018;3571;1481;994;6046;5052;-2090
024021;3018;1979;1516;6513;4997;-1039
024024;1089;2285;332;3706;3374;1196
024029;2933;2316;2042;7291;5249;-617
024032;1009;390;223;1622;1399;-619
024035;2551;1638;608;4797;4189;-913
024048;3119;1536;1120;5775;4655;-1583
024051;1799;907;460;3166;2706;-892
024052;4022;3752;2156;9930;7774;-270
024053;1002;942;367;2311;1944;-60
024056;2944;1491;867;5302;4435;-1453
024060;1780;3113;734;5627;4893;1333
024062;1520;1105;491;3116;2625;-415
024064;1066;941;278;2285;2007;-125
024066;1019;518;150;1687;1537;-501
024067;2740;1745;751;5236;4485;-995
024075;861;644;265;1770;1505;-217
024091;1882;3393;1413;6688;5275;1511
024105;5667;9225;3692;18584;14892;3558
024107;1872;1147;485;3504;3019;-725
024110;2146;3087;1385;6618;5233;941
024111;5403;2695;4223;12321;8098;-2708
024118;1853;1327;626;3806;3180;-526
024119;2027;2607;609;5243;4634;580
024123;918;527;286;1731;1445;-391
025006;5761;7633;8114;21508;13394;1872
025021;3729;3805;4109;11643;7534;76
025029;1607;1953;657;4217;3560;346
026013;1951;2265;752;4968;4216;314
026021;7683;9695;4562;21940;17378;2012
026036;2921;1433;806;5160;4354;-1488
026055;6756;3630;1918;12304;10386;-3126
026067;626;286;121;1033;912;-340
026083;3213;3576;1277;8066;6789;363
026084;1194;421;313;1928;1615;-773
026089;4869;2191;1672;8732;7060;-2678
026096;1751;974;681;3406;2725;-777
027002;2277;1028;503;3808;3305;-1249
027011;2871;890;829;4590;3761;-1981
027012;4377;3038;1175;8590;7415;-1339
027027;1911;3783;795;6489;5694;1872
028001;4876;5282;2393;12551;10158;406
028005;562;212;109;883;774;-350
028009;1047;95;128;1270;1142;-952
028016;4849;3287;1052;9188;8136;-1562
028017;4379;5694;1708;11781;10073;1315
028018;960;421;168;1549;1381;-539
028027;1060;904;566;2530;1964;-156
028030;1832;1192;516;3540;3024;-640
028031;549;196;170;915;745;-353
028032;4560;7382;3470;15412;11942;2822
028036;2253;1824;676;4753;4077;-429
028037;3381;4487;2321;10189;7868;1106
028038;2239;1633;814;4686;3872;-606
028039;2056;2195;744;4995;4251;139
028040;1367;351;282;2000;1718;-1016
028042;1356;813;387;2556;2169;-543
028044;3099;2729;730;6558;5828;-370
028045;2501;6063;800;9364;8564;3562
028047;859;460;287;1606;1319;-399
028048;3087;1413;583;5083;4500;-1674
028053;719;222;201;1142;941;-497
028056;1878;1780;1380;5038;3658;-98
028057;3263;2578;1014;6855;5841;-685
028063;3219;1741;1134;6094;4960;-1478
028065;4927;5468;2660;13055;10395;541
028069;4382;2539;839;7760;6921;-1843
028071;1427;761;529;2717;2188;-666
028075;3218;2191;980;6389;5409;-1027
028076;1850;1862;654;4366;3712;12
028077;3561;2969;1662;8192;6530;-592
028080;2295;1422;652;4369;3717;-873
028084;550;210;134;894;760;-340
028086;7026;3847;1466;12339;10873;-3179
028088;1212;514;267;1993;1726;-698
028091;2476;1594;868;4938;4070;-882
028092;1821;1435;444;3700;3256;-386
028095;600;333;195;1128;933;-267
028099;4378;1858;779;7015;6236;-2520
028100;7134;6692;2057;15883;13826;-442
028104;2087;1239;431;3757;3326;-848
028105;820;492;407;1719;1312;-328
029019;397;106;136;639;503;-291
029037;1158;371;248;1777;1529;-787
029038;825;137;106;1068;962;-688
029045;863;455;272;1590;1318;-408
029049;349;736;89;1174;1085;387
030057;2293;2813;443;5549;5106;520
030068;1782;706;265;2753;2488;-1076
030070;1156;3164;700;5020;4320;2008
030127;2327;1015;499;3841;3342;-1312
030129;14722;28051;21938;64711;42773;13329
031012;4169;9122;5593;18884;13291;4953
032006;8898;11354;60338;80590;20252;2456
033003;278;78;65;421;356;-200
033017;101;23;53;177;124;-78
033028;149;44;86;279;193;-105
033033;480;454;317;1251;934;-26
033041;225;92;83;400;317;-133
033049;562;378;358;1298;940;-184
034008;520;325;292;1137;845;-195
034036;1223;1161;753;3137;2384;-62
034039;431;231;291;953;662;-200
034050;673;608;465;1746;1281;-65
035002;2636;1376;1079;5091;4012;-1260
035003;931;354;290;1575;1285;-577
035009;1487;1121;640;3248;2608;-366
035011;872;393;522;1787;1265;-479
035013;1128;272;510;1910;1400;-856
035018;923;499;437;1859;1422;-424
035021;1453;1389;938;3780;2842;-64
035023;1644;958;693;3295;2602;-686
035028;2805;2102;2368;7275;4907;-703
035034;1622;1011;765;3398;2633;-611
035035;1036;1172;430;2638;2208;136
035041;874;507;599;1980;1381;-367
035044;1003;755;362;2120;1758;-248
036001;1415;605;272;2292;2020;-810
036008;3288;3961;1276;8525;7249;673
036009;1711;1441;913;4065;3152;-270
036026;420;285;655;1360;705;-135
036030;2200;1566;4883;8649;3766;-634
036034;1953;889;497;3339;2842;-1064
036039;1845;1006;656;3507;2851;-839
036042;2223;736;1008;3967;2959;-1487
036046;5717;4631;4271;14619;10348;-1086
037005;1808;6377;507;8692;8185;4569
037009;4001;8836;1478;14315;12837;4835
037016;1442;2582;429;4453;4024;1140
037031;1173;288;216;1677;1461;-885
037035;2774;1189;790;4753;3963;-1585
037037;4686;1331;1876;7893;6017;-3355
037044;1835;527;625;2987;2362;-1308
037050;2901;2373;746;6020;5274;-528
037051;885;268;568;1721;1153;-617
037055;3963;1378;1058;6399;5341;-2585
037057;3692;3312;1683;8687;7004;-380
038007;2839;2328;2444;7611;5167;-511
039004;1558;574;890;3022;2132;-984
039006;2389;1860;1217;5466;4249;-529
039008;1975;1736;1179;4890;3711;-239
039011;2046;802;885;3733;2848;-1244
039013;2570;1563;1323;5456;4133;-1007
039015;1400;438;736;2574;1838;-962
039016;2817;1701;1710;6228;4518;-1116
040004;918;237;175;1330;1155;-681
040005;1593;679;697;2969;2272;-914
040013;3720;2079;1289;7088;5799;-1641
040015;2943;1659;1211;5813;4602;-1284
040016;2619;2980;924;6523;5599;361
040018;2030;2059;841;4930;4089;29
040019;2368;1444;1220;5032;3812;-924
040020;1647;1073;915;3635;2720;-574
040022;580;456;975;2011;1036;-124
040037;1048;579;306;1933;1627;-469
040043;403;1115;1019;2537;1518;712
040045;4525;3857;2211;10593;8382;-668
040049;221;117;175;513;338;-104
041010;2266;1420;850;4536;3686;-846
041013;7793;8224;14803;30820;16017;431
041019;1348;1241;498;3087;2589;-107
041036;2190;3060;703;5953;5250;870
041043;759;670;1122;2551;1429;-89
041044;8213;12268;26814;47295;20481;4055
041067;1685;3501;3271;8457;5186;1816
042002;7606;24016;28733;60355;31622;16410
042003;696;811;590;2097;1507;115
042006;1795;2686;942;5423;4481;891
042014;4093;1411;1219;6723;5504;-2682
042017;2283;4157;8088;14528;6440;1874
042018;6104;3825;2811;12740;9929;-2279
042021;5315;9170;8991;23476;14485;3855
042033;669;172;130;971;841;-497
042034;6864;6431;6883;20178;13295;-433
042035;1440;1079;850;3369;2519;-361
042043;1096;431;358;1885;1527;-665
042045;5997;5955;10087;22039;11952;-42
047005;1793;1006;959;3758;2799;-787
048001;6111;5552;2892;14555;11663;-559
048002;2054;1769;2123;5946;3823;-285
048004;3732;2758;3376;9866;6490;-974
048008;2674;671;547;3892;3345;-2003
048010;3600;1779;2858;8237;5379;-1821
048011;2883;1984;1313;6180;4867;-899
048013;1558;362;495;2415;1920;-1196
048015;3946;1669;975;6590;5615;-2277
048021;2695;1511;2339;6545;4206;-1184
048022;3918;1744;1326;6988;5662;-2174
048025;543;125;180;848;668;-418
048027;780;482;548;1810;1262;-298
048033;4667;4461;2388;11516;9128;-206
048036;2521;1324;714;4559;3845;-1197
048037;2102;931;693;3726;3033;-1171
048046;1726;227;282;2235;1953;-1499
048049;2134;674;915;3723;2808;-1460
048050;3844;3467;1649;8960;7311;-377
048053;2705;2589;2129;7423;5294;-116
048054;2207;4302;2291;8800;6509;2095
049003;370;291;1021;1682;661;-79
049014;731;1047;3438;5216;1778;316
050005;1976;519;509;3004;2495;-1457
050014;1035;1324;316;2675;2359;289
050025;1035;925;588;2548;1960;-110
050034;386;146;172;704;532;-240
051001;1139;572;784;2495;1711;-567
051012;2456;1206;2468;6130;3662;-1250
051016;2172;2520;1243;5935;4692;348
051037;1660;1156;746;3562;2816;-504
054002;4422;5080;3861;13363;9502;658
054009;2192;1358;2926;6476;3550;-834
054013;3833;4156;10345;18334;7989;323
054015;5890;5815;2568;14273;11705;-75
054018;6095;6662;13291;26048;12757;567
054021;802;638;494;1934;1440;-164
054022;1045;731;785;2561;1776;-314
054051;3011;2813;9087;14911;5824;-198
055032;5810;11077;30625;47512;16887;5267
056007;596;101;281;978;697;-495
056035;852;677;1982;3511;1529;-175
058003;9888;4981;3723;18592;14869;-4907
058005;4656;1081;1832;7569;5737;-3575
058022;2451;1254;533;4238;3705;-1197
058029;8894;1781;3715;14390;10675;-7113
058047;22161;10440;8296;40897;32601;-11721
058054;1801;546;597;2944;2347;-1255
058074;4656;2905;2656;10217;7561;-1751
058088;3252;709;774;4735;3961;-2543
058111;8518;4610;8257;21385;13128;-3908
058118;10613;6703;2897;20213;17316;-3910
058120;14553;21145;15242;50940;35698;6592
063030;2074;666;729;3469;2740;-1408
063031;1633;963;3192;5788;2596;-670
063036;2564;1810;1628;6002;4374;-754
063048;6671;2466;2572;11709;9137;-4205
063057;6158;13462;5732;25352;19620;7304
063058;3459;4701;3222;11382;8160;1242
063060;9349;10005;10973;30327;19354;656
063062;3561;1791;2036;7388;5352;-1770
063073;3818;2518;3712;10048;6336;-1300
063079;5537;3795;3830;13162;9332;-1742
063083;4952;4331;4811;14094;9283;-621
063084;7060;7999;10906;25965;15059;939
067001;2576;2046;1390;6012;4622;-530
067040;2751;1711;2003;6465;4462;-1040
067041;4530;8914;14618;28062;13444;4384
068024;11819;5005;5485;22309;16824;-6814
068028;12419;23481;24056;59956;35900;11062
068041;5227;3202;1380;9809;8429;-2025
068043;595;392;246;1233;987;-203
069022;4846;14117;10609;29572;18963;9271
071007;334;298;485;1117;632;-36
071024;3665;15578;38879;58122;19243;11913
071029;3774;1450;10461;15685;5224;-2324
071046;1343;2012;7219;10574;3355;669
071049;893;245;2057;3195;1138;-648
071051;2953;1944;9872;14769;4897;-1009
072002;3542;1216;1598;6356;4758;-2326
072004;4081;3951;19199;27231;8032;-130
072006;18882;59404;77397;155683;78286;40522
072011;6389;3714;9296;19399;10103;-2675
072015;3912;3582;2318;9812;7494;-330
072017;2751;2176;3923;8850;4927;-575
072021;2730;2583;5415;10728;5313;-147
072022;3988;1431;1977;7396;5419;-2557
072023;3467;1146;9791;14404;4613;-2321
072029;5310;7922;11282;24514;13232;2612
072031;1837;1488;4293;7618;3325;-349
072032;4550;1801;4174;10525;6351;-2749
072033;3813;1078;2208;7099;4891;-2735
072038;2761;1232;4512;8505;3993;-1529
072044;1324;342;875;2541;1666;-982
075084;1400;598;1712;3710;1998;-802
079023;2623;14361;22178;39162;16984;11738
079059;666;223;669;1558;889;-443
079129;474;164;314;952;638;-310
082005;1852;325;696;2873;2177;-1527
082006;4808;3622;7166;15596;8430;-1186
082017;1268;699;807;2774;1967;-569
082021;4965;4571;4647;14183;9536;-394
082022;551;195;1753;2499;746;-356
082027;833;1862;3134;5829;2695;1029
082035;2378;751;789;3918;3129;-1627
082043;1347;895;546;2788;2242;-452
082049;6576;1830;3276;11682;8406;-4746
082053;10385;43953;152108;206446;54338;33568
082054;2538;2193;4889;9620;4731;-345
083005;3422;2100;7584;13106;5522;-1322
083009;1087;1841;2999;5927;2928;754
083033;997;521;849;2367;1518;-476
083048;4618;12763;55366;72747;17381;8145
083066;880;1444;2699;5023;2324;564
087005;3924;2622;1241;7787;6546;-1302
087011;1998;1599;7431;11028;3597;-399
087015;12160;60037;63982;136179;72197;47877
087019;6184;2735;1121;10040;8919;-3449
087029;8437;7082;4302;19821;15519;-1355
087037;835;633;1511;2979;1468;-202
087041;5394;4187;1573;11154;9581;-1207
087042;3341;1478;455;5274;4819;-1863
089014;1146;779;4492;6417;1925;-367
089017;5223;11586;26532;43341;16809;6363
090003;2767;2468;9924;15159;5235;-299
090047;2495;4979;18500;25974;7474;2484
090064;5643;14625;33088;53356;20268;8982
093005;4632;2699;1686;9017;7331;-1933
093017;5396;1944;1526;8866;7340;-3452
093021;3505;3336;1275;8116;6841;-169
093022;4084;2812;1153;8049;6896;-1272
093029;2075;1767;864;4706;3842;-308
093031;912;659;234;1805;1571;-253
093032;4452;5178;1413;11043;9630;726
093033;9114;19221;10260;38595;28335;10107
093040;1183;1724;378;3285;2907;541
098001;80;17;17;114;97;-63
098011;446;73;109;628;519;-373
098023;58;153;10;221;211;95
098057;344;386;35;765;730;42
099001;3723;2142;2998;8863;5865;-1581
099002;3164;3993;2336;9493;7157;829
099018;5142;4634;2888;12664;9776;-508
100002;4783;1931;1354;8068;6714;-2852
100003;4377;7451;2865;14693;11828;3074
100004;3057;1119;803;4979;4176;-1938
109002;566;358;553;1477;924;-208
109006;5295;6957;6557;18809;12252;1662
109033;3319;2977;1855;8151;6296;-342
109034;4482;3126;4485;12093;7608;-1356
016145;119;175;35;329;294;56
017003;419;386;215;1020;805;-33
027003;3399;840;778;5017;4239;-2559
100007;1641;226;528;2395;1867;-1415
079012;517;329;724;1570;846;-188
022193;229;12;36;277;241;-217
016027;20; ;4;20 4;20 ;-20
030027;3438;3128;2610;9176;6566;-310
016134;32;20;9;61;52;-12
093043;2136;1457;425;4018;3593;-679
027036;3251;1390;1297;5938;4641;-1861
022045;65;54;12;131;119;-11
049020;557;286;393;1236;843;-271
016017;89;41;18;148;130;-48
016166;29;1;4;34;30;-28
016227;49;81;7;137;130;32
017131;38;14;8;60;52;-24
017203;460;1068;311;1839;1528;608
020073;427;395;210;1032;822;-32
024086;4087;3907;1406;9400;7994;-180
028094;1331;1022;292;2645;2353;-309
030043;2475;2238;1473;6186;4713;-237
039009;1891;2007;861;4759;3898;116
020046;290;86;69;445;376;-204
024104;3950;2372;1443;7765;6322;-1578
022106;233;50;82;365;283;-183
030105;347;354;77;778;701;7
038019;2427;894;1401;4722;3321;-1533
028033;1939;962;546;3447;2901;-977
017012;344;238;65;647;582;-106
017139;166;3;25;194;169;-163
030026;2347;3198;1760;7305;5545;851
030023;3523;2364;1439;7326;5887;-1159
030041;107;27;184;318;134;-80
030100;1427;2989;1217;5633;4416;1562
030030;972;459;218;1649;1431;-513
023088;735;876;277;1888;1611;141
030013;1705;1448;740;3893;3153;-257
030053;1567;984;613;3164;2551;-583
030061;158;35;17;210;193;-123
021023;1011;573;469;2053;1584;-438
024014;2308;2607;995;5910;4915;299
039003;762;277;193;1232;1039;-485
039005;521;150;395;1066;671;-371
049002;2048;1461;2177;5686;3509;-587
016061;24; ;3;24 3;24 ;-24
093026;375;804;168;1347;1179;429
024034;3496;2423;1234;7153;5919;-1073
030046;2863;1944;1823;6630;4807;-919
022098;951;293;140;1384;1244;-658
022249;1175;540;560;2275;1715;-635
022136;290;88;245;623;378;-202
049018;1034;988;965;2987;2022;-46
020068;565;312;171;1048;877;-253
039001;2162;1824;1719;5705;3986;-338
028046;2451;1370;717;4538;3821;-1081
093010;2479;944;674;4097;3423;-1535
029023;434;100;71;605;534;-334
017044;344;633;316;1293;977;289
017115;247;110;59;416;357;-137
017157;283;3;35;321;286;-280
017191;151;3;31;185;154;-148
017053;354;504;175;1033;858;150
022238;382;742;291;1415;1124;360
023078;583;162;429;1174;745;-421
020032;234;106;58;398;340;-128
022021;178;53;42;273;231;-125
022232;354;91;58;503;445;-263
022234;375;238;124;737;613;-137
017140;163;10;29;202;173;-153
022018;118;82;33;233;200;-36
026063;5505;2351;994;8850;7856;-3154
029036;326;159;73;558;485;-167
017084;37;2;3;42;39;-35
017105;201;48;41;290;249;-153
022179;277;237;135;649;514;-40
024081;1030;871;196;2097;1901;-159
017110;126;20;37;183;146;-106
022160;430;109;185;724;539;-321
017089;75;471;447;993;546;396
017098;23;2;7;32;25;-21
019040;75;27;16;118;102;-48
019106;122;110;28;260;232;-12
019115;92;14;17;123;106;-78
020037;802;581;209;1592;1383;-221
021059;726;463;890;2079;1189;-263
022062;1029;3027;1741;5797;4056;1998
022138;130;29;19;178;159;-101
022244;520;146;167;833;666;-374
023005;680;267;303;1250;947;-413
023014;383;277;456;1116;660;-106
023032;586;253;135;974;839;-333
023045;279;423;1089;1791;702;144
023054;868;3857;717;5442;4725;2989
023056;359;355;113;827;714;-4
023068;1043;557;350;1950;1600;-486
023079;338;134;184;656;472;-204
023085;531;161;210;902;692;-370
024040;1197;1102;300;2599;2299;-95
024043;967;1519;317;2803;2486;552
024096;1197;875;231;2303;2072;-322
024099;853;505;226;1584;1358;-348
024115;657;778;215;1650;1435;121
024117;587;347;142;1076;934;-240
024125;1277;381;460;2118;1658;-896
025036;1333;573;334;2240;1906;-760
025070;772;890;411;2073;1662;118
025074;3557;1864;1737;7158;5421;-1693
026015;1107;1246;338;2691;2353;139
026040;2971;1355;779;5105;4326;-1616
026069;4341;2569;1459;8369;6910;-1772
026092;5083;6009;4743;15835;11092;926
027006;2651;1005;1694;5350;3656;-1646
028023;1908;1920;978;4806;3828;12
029013;720;267;181;1168;987;-453
029024;692;456;205;1353;1148;-236
029050;557;538;203;1298;1095;-19
037026;561;129;177;867;690;-432
037045;1344;1258;422;3024;2602;-86
038014;1156;468;930;2554;1624;-688
038030;1663;684;664;3011;2347;-979
024120;462;989;110;1561;1451;527
029012;932;926;438;2296;1858;-6
030130;761;525;223;1509;1286;-236
019114;114;114;33;261;228;0
029046;1698;945;1121;3764;2643;-753
029032;413;313;215;941;726;-100
024065;627;185;112;924;812;-442
029047;595;390;273;1258;985;-205
022083;274;76;97;447;350;-198
022182;343;174;104;621;517;-169
022199;556;1932;787;3275;2488;1376
023010;432;192;83;707;624;-240
029009;742;214;169;1125;956;-528
020056;397;206;159;762;603;-191
017194;40;6;10;56;46;-34
022167;1333;821;456;2610;2154;-512
023003;823;867;200;1890;1690;44
023009;606;351;152;1109;957;-255
019101;168;33;33;234;201;-135
022053;919;227;289;1435;1146;-692
022251;1081;185;167;1433;1266;-896
026035;2829;2343;957;6129;5172;-486
030072;3030;1580;545;5155;4610;-1450
041038;715;520;283;1518;1235;-195
029014;378;213;139;730;591;-165
022078;195;35;42;272;230;-160
022169;243;73;105;421;316;-170
052002;1711;659;771;3141;2370;-1052
023067;438;263;356;1057;701;-175
024126;1856;1398;520;3774;3254;-458
100006;2734;1190;1017;4941;3924;-1544
022058;264;16;37;317;280;-248
022200;414;103;128;645;517;-311
029028;345;80;71;496;425;-265
024068;892;1984;307;3183;2876;1092
024046;1274;1911;407;3592;3185;637
052015;1650;2025;3156;6831;3675;375
026005;2507;1455;585;4547;3962;-1052
026064;2937;2747;822;6506;5684;-190
027025;3456;1135;847;5438;4591;-2321
027031;2371;2175;683;5229;4546;-196
023033;170;60;161;391;230;-110
026062;1775;781;299;2855;2556;-994
029040;1221;1549;963;3733;2770;328
022110;412;671;299;1382;1083;259
022114;182;136;120;438;318;-46
025059;550;206;141;897;756;-344
024042;570;197;280;1047;767;-373
025048;2058;1255;659;3972;3313;-803
022171;372;730;142;1244;1102;358
024005;731;160;158;1049;891;-571
041057;745;397;689;1831;1142;-348
042048;1114;647;401;2162;1761;-467
026079;449;623;215;1287;1072;174
041045;555;641;445;1641;1196;86
041065;2660;1580;633;4873;4240;-1080
026053;1242;819;261;2322;2061;-423
026060;240;1240;40;1520;1480;1000
041054;690;342;430;1462;1032;-348
041071;773;846;992;2611;1619;73
026046;6547;9426;5173;21146;15973;2879
041070;1327;980;494;2801;2307;-347
042010;3654;4415;3573;11642;8069;761
042019;1505;1037;1906;4448;2542;-468
042022;3062;2428;1755;7245;5490;-634
042025;1057;1508;244;2809;2565;451
047020;3480;2237;1051;6768;5717;-1243
049021;415;147;467;1029;562;-268
050020;635;608;187;1430;1243;-27
054004;1159;644;519;2322;1803;-515
099003;2516;2837;1152;6505;5353;321
041029;3385;1896;1771;7052;5281;-1489
026082;3562;3241;1184;7987;6803;-321
041014;1685;1342;1661;4688;3027;-343
041030;657;667;356;1680;1324;10
026087;1784;2353;1884;6021;4137;569
026029;1746;1169;459;3374;2915;-577
034038;332;88;62;482;420;-244
052019;737;131;184;1052;868;-606
030091;1957;1191;405;3553;3148;-766
023034;67;19;22;108;86;-48
030011;583;317;114;1014;900;-266
051018;1929;1413;1475;4817;3342;-516
052003;698;332;400;1430;1030;-366
098033;14;107;12;133;121;93
053003;419;446;824;1689;865;27
036010;1884;1400;1106;4390;3284;-484
023020;916;613;382;1911;1529;-303
029021;468;434;212;1114;902;-34
020058;346;105;103;554;451;-241
020060;302;127;95;524;429;-175
020062;367;168;102;637;535;-199
028083;907;465;131;1503;1372;-442
029006;530;515;363;1408;1045;-15
029008;171;223;44;438;394;52
029042;291;123;54;468;414;-168
023029;313;124;69;506;437;-189
028004;1258;205;229;1692;1463;-1053
028067;753;447;176;1376;1200;-306
029044;1136;485;260;1881;1621;-651
024016;1021;864;285;2170;1885;-157
099011;1752;1158;820;3730;2910;-594
025005;477;565;641;1683;1042;88
026031;1440;1636;821;3897;3076;196
029007;459;305;92;856;764;-154
043024;1363;1259;1833;4455;2622;-104
109018;1993;1734;2563;6290;3727;-259
020029;359;129;111;599;488;-230
036025;360;228;322;910;588;-132
023008;518;875;158;1551;1393;357
023090;163;83;140;386;246;-80
025019;433;152;205;790;585;-281
026068;3259;2867;1166;7292;6126;-392
028012;766;617;143;1526;1383;-149
028043;732;175;89;996;907;-557
028102;624;309;144;1077;933;-315
029010;255;177;38;470;432;-78
029043;295;1156;75;1526;1451;861
037007;956;712;295;1963;1668;-244
021048;994;595;287;1876;1589;-399
024044;276;346;65;687;622;70
038012;622;423;199;1244;1045;-199
029035;438;87;114;639;525;-351
028049;563;140;103;806;703;-423
028052;539;226;111;876;765;-313
036004;812;1008;366;2186;1820;196
038022;2445;592;574;3611;3037;-1853
028029;362;171;146;679;533;-191
030049;730;2947;1588;5265;3677;2217
024030;763;524;186;1473;1287;-239
024095;1736;1541;393;3670;3277;-195
028010;208;81;19;308;289;-127
028087;1629;938;779;3346;2567;-691
093025;1611;3212;2787;7610;4823;1601
030118;4782;4754;1195;10731;9536;-28
024037;415;149;74;638;564;-266
024085;971;266;591;1828;1237;-705
024094;446;713;181;1340;1159;267
026090;1042;860;381;2283;1902;-182
028061;1142;871;264;2277;2013;-271
029025;272;71;66;409;343;-201
021003;121;14;33;168;135;-107
021004;3528;2141;2730;8399;5669;-1387
021015;1889;1208;1497;4594;3097;-681
021041;2932;2813;2388;8133;5745;-119
021053;534;249;191;974;783;-285
021060;1064;1428;630;3122;2492;364
021072;1427;1008;1866;4301;2435;-419
021102;314;239;106;659;553;-75
022011;468;77;87;632;545;-391
022047;679;212;208;1099;891;-467
022050;669;1122;777;2568;1791;453
022147;680;588;949;2217;1268;-92
022226;439;537;210;1186;976;98
022240;965;445;277;1687;1410;-520
022254;778;174;236;1188;952;-604
021020;549;328;166;1043;877;-221
021035;676;323;133;1132;999;-353
021050;528;68;249;845;596;-460
021055;710;433;230;1373;1143;-277
021056;1178;1127;1363;3668;2305;-51
021061;674;581;1226;2481;1255;-93
021062;1221;417;446;2084;1638;-804
021066;729;716;166;1611;1445;-13
021079;933;231;420;1584;1164;-702
021084;434;99;180;713;533;-335
021086;1356;233;1509;3098;1589;-1123
021087;661;508;561;1730;1169;-153
021093;997;1625;1694;4316;2622;628
021097;1416;1108;629;3153;2524;-308
021098;809;593;577;1979;1402;-216
021099;506;289;315;1110;795;-217
021100;233;66;167;466;299;-167
021104;521;179;620;1320;700;-342
021105;391;490;82;963;881;99
021110;976;443;472;1891;1419;-533
021112;301;61;142;504;362;-240
022040;194;1;44;239;195;-193
022196;574;666;450;1690;1240;92
021001;447;103;248;798;550;-344
021007;485;317;244;1046;802;-168
021012;974;295;204;1473;1269;-679
021016;802;493;323;1618;1295;-309
021017;1246;1219;1324;3789;2465;-27
021018;568;301;383;1252;869;-267
021021;941;718;408;2067;1659;-223
021022;1540;820;663;3023;2360;-720
021024;587;615;379;1581;1202;28
021025;204;54;77;335;258;-150
021028;623;436;656;1715;1059;-187
021031;959;320;567;1846;1279;-639
021033;648;131;427;1206;779;-517
021037;1178;711;1094;2983;1889;-467
021042;899;561;707;2167;1460;-338
021043;91;15;58;164;106;-76
021044;475;84;211;770;559;-391
021045;395;211;136;742;606;-184
021046;877;633;1083;2593;1510;-244
021052;645;666;468;1779;1311;21
021057;1129;499;364;1992;1628;-630
021058;457;141;350;948;598;-316
021064;268;130;84;482;398;-138
021067;804;639;556;1999;1443;-165
021069;57;16;40;113;73;-41
021070;1329;434;692;2455;1763;-895
021073;450;224;154;828;674;-226
021074;687;611;617;1915;1298;-76
021080;770;577;710;2057;1347;-193
021083;836;535;547;1918;1371;-301
021085;420;246;286;952;666;-174
021095;203;98;168;469;301;-105
021101;545;522;492;1559;1067;-23
021106;793;552;481;1826;1345;-241
021109;599;72;330;1001;671;-527
021114;573;123;270;966;696;-450
021116;1007;304;329;1640;1311;-703
021118;200;88;134;422;288;-112
022037;422;90;158;670;512;-332
022051;328;122;114;564;450;-206
022159;114;39;36;189;153;-75
022162;107;29;37;173;136;-78
022170;234;198;76;508;432;-36
022237;137;60;66;263;197;-77
022252;503;488;388;1379;991;-15
093018;919;470;185;1574;1389;-449
021026;111;354;309;774;465;243
021030;1166;575;248;1989;1741;-591
021047;449;201;679;1329;650;-248
021081;1256;801;519;2576;2057;-455
021082;350;158;291;799;508;-192
021117;259;129;248;636;388;-130
022097;261;171;103;535;432;-90
022245;622;615;1057;2294;1237;-7
025001;434;4444;1243;6121;4878;4010
025003;198;225;158;581;423;27
025010;298;357;171;826;655;59
025011;1267;255;244;1766;1522;-1012
025014;90;29;29;148;119;-61
025016;235;1269;1631;3135;1504;1034
025030;150;93;268;511;243;-57
025044;251;92;110;453;343;-159
025045;559;239;79;877;798;-320
025054;69;51;89;209;120;-18
030074;1605;2710;518;4833;4315;1105
021039;794;303;372;1469;1097;-491
021063;631;235;124;990;866;-396
021065;62;65;23;150;127;3
021075;394;127;174;695;521;-267
022235;443;105;155;703;548;-338
021005;206;193;159;558;399;-13
021006;358;358;886;1602;716;0
021009;184;115;99;398;299;-69
021010;619;403;266;1288;1022;-216
021014;139;76;40;255;215;-63
021027;295;139;428;862;434;-156
021032;314;320;85;719;634;6
021034;1153;469;325;1947;1622;-684
021036;205;235;91;531;440;30
021049;211;44;142;397;255;-167
021054;381;126;420;927;507;-255
021068;161;32;46;239;193;-129
021071;759;255;429;1443;1014;-504
021077;427;624;847;1898;1051;197
021088;485;52;144;681;537;-433
021091;254;82;264;600;336;-172
021092;214;293;498;1005;507;79
021094;399;595;244;1238;994;196
021096;584;142;248;974;726;-442
021103;197;55;69;321;252;-142
021107;979;417;267;1663;1396;-562
021108;1426;454;1033;2913;1880;-972
021113;411;196;198;805;607;-215
022002;342;398;206;946;740;56
022003;1084;331;294;1709;1415;-753
022015;122;21;25;168;143;-101
022017;416;254;151;821;670;-162
022026;76;176;13;265;252;100
022032;448;423;117;988;871;-25
022039;131;329;429;889;460;198
022049;345;421;85;851;766;76
022052;155;59;39;253;214;-96
022064;219;135;126;480;354;-84
022068;205;82;61;348;287;-123
022071;98;34;60;192;132;-64
022074;316;91;142;549;407;-225
022085;144;6;35;185;150;-138
022089;411;146;128;685;557;-265
022091;124;3;20;147;127;-121
022092;769;154;234;1157;923;-615
022095;386;479;322;1187;865;93
022102;197;127;215;539;324;-70
022108;244;129;76;449;373;-115
022109;41;29;45;115;70;-12
022113;150;54;53;257;204;-96
022118;325;458;447;1230;783;133
022120;169;167;215;551;336;-2
022133;57;29;9;95;86;-28
022134;293;96;48;437;389;-197
022155;396;103;143;642;499;-293
022157;151;29;25;205;180;-122
022168;371;184;85;640;555;-187
022172;440;90;105;635;530;-350
022173;97;22;31;150;119;-75
022176;151;122;104;377;273;-29
022177;221;21;58;300;242;-200
022181;201;108;73;382;309;-93
022188;584;150;131;865;734;-434
022189;219;91;20;330;310;-128
022190;388;61;52;501;449;-327
022195;193;74;46;313;267;-119
022203;524;65;63;652;589;-459
022209;132;9;26;167;141;-123
022210;387;30;107;524;417;-357
022216;73;21;14;108;94;-52
022230;1578;645;946;3169;2223;-933
022231;333;61;168;562;394;-272
022239;208;317;60;585;525;109
022242;364;66;168;598;430;-298
022250;372;455;925;1752;827;83
024039;340;46;170;556;386;-294
025015;357;78;306;741;435;-279
025022;746;853;349;1948;1599;107
025046;93;64;39;196;157;-29
025047;387;31;125;543;418;-356
025049;191;45;30;266;236;-146
025050;514;267;306;1087;781;-247
025053;2555;4245;1851;8651;6800;1690
025055;709;492;193;1394;1201;-217
025058;353;64;88;505;417;-289
026025;1652;1559;519;3730;3211;-93
026066;2863;2638;1020;6521;5501;-225
026077;2095;1386;685;4166;3481;-709
028008;950;1635;293;2878;2585;685
028014;1048;941;268;2257;1989;-107
093004;1887;2405;1350;5642;4292;518
093039;451;176;83;710;627;-275
022043;166;78;33;277;244;-88
022163;182;28;97;307;210;-154
025065;352;108;128;588;460;-244
026093;2893;1793;953;5639;4686;-1100
027041;1325;1006;477;2808;2331;-319
030189;125;73;287;485;198;-52
022202;244;76;44;364;320;-168
022036;126;121;90;337;247;-5
025051;427;238;236;901;665;-189
025067;270;25;41;336;295;-245
022115;400;156;151;707;556;-244
022129;367;576;83;1026;943;209
025008;508;299;140;947;807;-209
025017;102;39;40;181;141;-63
025033;334;278;141;753;612;-56
025066;204;79;61;344;283;-125
025071;791;3911;1129;5831;4702;3120
030016;2555;1599;382;4536;4154;-956
030116;2303;1677;903;4883;3980;-626
030132;248;81;49;378;329;-167
093052;621;67;52;740;688;-554
022128;424;348;100;872;772;-76
026006;2401;1725;624;4750;4126;-676
026061;582;741;215;1538;1323;159
026076;2895;4667;1030;8592;7562;1772
025073;273;122;445;840;395;-151
025062;144;32;21;197;176;-112
022150;279;100;178;557;379;-179
030021;302;129;31;462;431;-173
030121;1395;3646;2530;7571;5041;2251
022033;295;118;115;528;413;-177
022165;177;47;40;264;224;-130
025039;746;1055;556;2357;1801;309
022060;92;45;30;167;137;-47
025018;552;526;267;1345;1078;-26
025032;145;39;35;219;184;-106
025063;528;204;113;845;732;-324
025072;1541;1868;961;4370;3409;327
030042;69;56;95;220;125;-13
030094;72;44;20;136;116;-28
023013;288;269;216;773;557;-19
024113;859;261;258;1378;1120;-598
030073;593;49;182;824;642;-544
025040;2487;1159;793;4439;3646;-1328
025060;353;101;153;607;454;-252
030191;162;65;30;257;227;-97
026007;1511;575;270;2356;2086;-936
022042;217;111;96;424;328;-106
028035;1508;375;322;2205;1883;-1133
093028;660;642;280;1582;1302;-18
024076;170;79;52;301;249;-91
022090;96;10;25;131;106;-86
022059;87;69;22;178;156;-18
046021;1304;822;311;2437;2126;-482
022093;193;111;53;357;304;-82
022130;235;166;63;464;401;-69
022142;174;64;56;294;238;-110
024063;898;832;218;1948;1730;-66
024097;1665;1527;455;3647;3192;-138
025026;665;103;252;1020;768;-562
028013;2839;2345;935;6119;5184;-494
028064;2307;3203;1417;6927;5510;896
028106;3010;1899;594;5503;4909;-1111
022137;148;140;91;379;288;-8
022005;109;379;271;759;488;270
022164;56;6;7;69;62;-50
026057;2546;4534;1939;9019;7080;1988
031022;544;163;83;790;707;-381
099029;1982;384;412;2778;2366;-1598
022112;41;25;7;73;66;-16
025023;324;42;69;435;366;-282
031016;3602;2725;791;7118;6327;-877
024050;51;18;6;75;69;-33
024089;175;44;46;265;219;-131
024112;264;133;117;514;397;-131
025025;145;10;23;178;155;-135
024009;647;1122;1678;3447;1769;475
030010;678;251;178;1107;929;-427
024020;419;204;66;689;623;-215
025043;211;32;25;268;243;-179
030029;100;129;31;260;229;29
024007;719;759;390;1868;1478;40
026032;1506;1266;503;3275;2772;-240
030015;447;136;106;689;583;-311
030019;872;399;167;1438;1271;-473
024001;493;198;82;773;691;-295
024080;122;60;67;249;182;-62
024127;1133;171;531;1835;1304;-962
025002;740;326;240;1306;1066;-414
025056;1052;225;165;1442;1277;-827
025027;386;100;63;549;486;-286
024077;719;1099;131;1949;1818;380
024101;571;294;108;973;865;-277
024121;292;43;26;361;335;-249
025037;111;254;22;387;365;143
030037;1565;2437;661;4663;4002;872
030087;938;153;155;1246;1091;-785
030095;761;313;123;1197;1074;-448
042040;528;550;119;1197;1078;22
036020;1519;1075;650;3244;2594;-444
026080;1636;1282;646;3564;2918;-354
028020;1752;1638;513;3903;3390;-114
026065;490;481;132;1103;971;-9
025012;386;47;92;525;433;-339
023080;218;49;113;380;267;-169
024028;1833;2149;697;4679;3982;316
029002;843;637;461;1941;1480;-206
024003;565;1365;116;2046;1930;800
024010;259;234;54;547;493;-25
029030;772;522;326;1620;1294;-250
023093;684;144;242;1070;828;-540
024022;495;328;149;972;823;-167
028021;698;263;143;1104;961;-435
028028;1722;1244;373;3339;2966;-478
028097;602;408;84;1094;1010;-194
028041;1445;453;321;2219;1898;-992
024002;651;273;219;1143;924;-378
024071;1098;553;226;1877;1651;-545
028011;1170;485;193;1848;1655;-685
028062;339;623;79;1041;962;284
028070;1011;468;299;1778;1479;-543
028079;1034;409;185;1628;1443;-625
029015;1049;872;262;2183;1921;-177
051034;1873;2919;3747;8539;4792;1046
029003;761;1055;209;2025;1816;294
028034;2594;3697;1123;7414;6291;1103
028026;1497;708;289;2494;2205;-789
028098;316;140;38;494;456;-176
024019;857;342;119;1318;1199;-515
026038;3145;1763;759;5667;4908;-1382
026049;2398;3377;1730;7505;5775;979
026050;1646;2071;689;4406;3717;425
026052;1294;1269;508;3071;2563;-25
026058;2401;1772;822;4995;4173;-629
027001;1072;787;378;2237;1859;-285
027007;1897;985;532;3414;2882;-912
027009;934;489;206;1629;1423;-445
028015;2261;1763;533;4557;4024;-498
030009;1621;890;300;2811;2511;-731
030079;2142;2602;418;5162;4744;460
053019;397;322;808;1527;719;-75
099005;3520;2726;1515;7761;6246;-794
029017;513;244;203;960;757;-269
029051;207;54;42;303;261;-153
026039;1403;1251;549;3203;2654;-152
058036;3459;4814;2266;10539;8273;1355
027030;1440;793;374;2607;2233;-647
024072;430;51;60;541;481;-379
028090;952;422;173;1547;1374;-530
024090;324;110;61;495;434;-214
024106;126;39;63;228;165;-87
026002;1526;479;254;2259;2005;-1047
028006;731;679;120;1530;1410;-52
029026;433;120;99;652;553;-313
043053;2179;4050;4323;10552;6229;1871
026088;1647;2625;1004;5276;4272;978
027010;755;1040;203;1998;1795;285
028007;1569;685;321;2575;2254;-884
029034;349;94;96;539;443;-255
031011;289;137;45;471;426;-152
093009;1848;588;477;2913;2436;-1260
093044;2376;1930;2032;6338;4306;-446
053001;813;428;661;1902;1241;-385
042032;1075;1538;325;2938;2613;463
053023;479;270;741;1490;749;-209
024017;1550;611;212;2373;2161;-939
026016;1158;547;290;1995;1705;-611
026017;944;1017;374;2335;1961;73
026022;2097;1555;642;4294;3652;-542
026028;1703;1082;554;3339;2785;-621
026072;2300;2006;574;4880;4306;-294
026074;1338;1807;602;3747;3145;469
030077;743;366;141;1250;1109;-377
030099;1626;3261;1533;6420;4887;1635
030135;286;295;33;614;581;9
031009;1061;1309;1660;4030;2370;248
042038;1506;563;410;2479;2069;-943
042023;1775;1222;550;3547;2997;-553
056011;689;163;284;1136;852;-526
024049;37;2;4;43;39;-35
026048;704;1010;346;2060;1714;306
024041;127;52;80;259;179;-75
027016;1600;1600;508;3708;3200;0
026011;698;427;181;1306;1125;-271
026018;699;447;211;1357;1146;-252
026023;1795;1903;554;4252;3698;108
026027;1001;699;364;2064;1700;-302
026037;1323;2057;679;4059;3380;734
026045;401;157;83;641;558;-244
026047;1482;770;297;2549;2252;-712
026094;539;537;180;1256;1076;-2
030190;1894;717;425;3036;2611;-1177
039017;990;769;202;1961;1759;-221
030018;828;211;155;1194;1039;-617
093034;2221;2612;1095;5928;4833;391
031023;2313;905;330;3548;3218;-1408
042050;2045;1620;764;4429;3665;-425
026042;858;412;291;1561;1270;-446
026020;1717;1705;321;3743;3422;-12
042027;2951;1103;711;4765;4054;-1848
026034;1256;1453;343;3052;2709;197
027015;1217;993;364;2574;2210;-224
030137;493;200;122;815;693;-293
030001;594;713;163;1470;1307;119
042013;809;1012;415;2236;1821;203
050002;1729;528;418;2675;2257;-1201
093008;749;199;149;1097;948;-550
093036;1975;1695;372;4042;3670;-280
026030;839;399;165;1403;1238;-440
026078;998;184;161;1343;1182;-814
030025;136;61;67;264;197;-75
093019;129;16;26;171;145;-113
030040;63;28;72;163;91;-35
030071;392;335;245;972;727;-57
030107;27;55;102;184;82;28
030117;269;368;1177;1814;637;99
025007;232;66;53;351;298;-166
025035;81;93;12;186;174;12
025057;151;32;7;190;183;-119
030109;1033;761;324;2118;1794;-272
030131;595;244;126;965;839;-351
030133;611;457;195;1263;1068;-154
093007;2434;2813;1360;6607;5247;379
093014;87;75;27;189;162;-12
093015;189;29;104;322;218;-160
093024;186;14;21;221;200;-172
093047;479;303;152;934;782;-176
093051;2346;1803;849;4998;4149;-543
030006;903;598;165;1666;1501;-305
030067;373;178;206;757;551;-195
030084;74;10;13;97;84;-64
025013;59;51;31;141;110;-8
030064;732;155;116;1003;887;-577
030090;1484;1597;348;3429;3081;113
040046;691;443;400;1534;1134;-248
041068;4068;3429;1967;9464;7497;-639
030003;142;164;129;435;306;22
030062;1448;698;392;2538;2146;-750
030047;162;11;36;209;173;-151
093038;876;887;656;2419;1763;11
093053;1230;847;280;2357;2077;-383
025069;21;3;8;32;24;-18
030080;1155;1592;183;2930;2747;437
030014;1028;3327;401;4756;4355;2299
030044;1369;831;376;2576;2200;-538
027040;733;214;104;1051;947;-519
030098;874;231;125;1230;1105;-643
030114;1020;553;331;1904;1573;-467
093020;468;178;61;707;646;-290
026041;878;1124;271;2273;2002;246
052033;2491;1700;1940;6131;4191;-791
093013;1591;1596;448;3635;3187;5
031002;1703;1950;829;4482;3653;247
031017;725;123;72;920;848;-602
031015;1159;977;258;2394;2136;-182
093012;489;115;60;664;604;-374
093042;642;667;173;1482;1309;25
030069;780;321;183;1284;1101;-459
093027;1171;494;364;2029;1665;-677
027018;831;877;213;1921;1708;46
031014;517;143;59;719;660;-374
093016;81;48;31;160;129;-33
093006;44;85;38;167;129;41
093050;381;283;102;766;664;-98
093046;84;54;22;160;138;-30
047018;342;93;95;530;435;-249
030054;214;74;109;397;288;-140
031024;983;190;121;1294;1173;-793
052017;2458;746;885;4089;3204;-1712
030032;681;375;179;1235;1056;-306
031018;1999;511;270;2780;2510;-1488
031021;671;149;81;901;820;-522
042016;1023;440;463;1926;1463;-583
052024;163;336;199;698;499;173
030123;665;749;203;1617;1414;84
031005;578;164;77;819;742;-414
031008;1869;1364;498;3731;3233;-505
093011;253;33;25;311;286;-220
093001;69;17;10;96;86;-52
093030;413;98;72;583;511;-315
052006;2856;914;760;4530;3770;-1942
093002;384;194;61;639;578;-190
030128;479;290;93;862;769;-189
031025;460;1969;128;2557;2429;1509
030188;1574;1364;656;3594;2938;-210
032001;2180;1257;662;4099;3437;-923
042044;1137;893;1153;3183;2030;-244
043013;5204;8339;9932;23475;13543;3135
052005;513;750;507;1770;1263;237
052009;994;959;1372;3325;1953;-35
052031;807;265;653;1725;1072;-542
030058;729;654;179;1562;1383;-75
030097;559;235;109;903;794;-324
030020;1096;515;272;1883;1611;-581
038010;552;388;246;1186;940;-164
030052;718;576;135;1429;1294;-142
030082;406;185;103;694;591;-221
032005;569;1108;105;1782;1677;539
030004;915;502;250;1667;1417;-413
030008;1072;646;181;1899;1718;-426
030031;605;696;151;1452;1301;91
030056;364;285;248;897;649;-79
030075;571;816;276;1663;1387;245
030051;134;10;36;180;144;-124
093049;164;78;50;292;242;-86
030048;1165;281;212;1658;1446;-884
032002;254;251;38;543;505;-3
032004;1676;3127;447;5250;4803;1451
031003;427;134;64;625;561;-293
030005;581;127;127;835;708;-454
030078;1595;909;385;2889;2504;-686
030138;354;147;58;559;501;-207
032003;3351;2498;1057;6906;5849;-853
030063;815;203;103;1121;1018;-612
030065;670;368;202;1240;1038;-302
030126;573;172;55;800;745;-401
030081;178;40;91;309;218;-138
030055;1521;2400;718;4639;3921;879
030101;1513;2192;778;4483;3705;679
030106;570;90;86;746;660;-480
030120;894;249;125;1268;1143;-645
031006;1018;403;120;1541;1421;-615
030066;812;2048;293;3153;2860;1236
030083;1267;925;284;2476;2192;-342
030104;683;449;126;1258;1132;-234
030028;707;375;129;1211;1082;-332
030059;297;192;257;746;489;-105
031010;461;444;87;992;905;-17
038025;180;276;1171;1627;456;96
041007;1265;843;1422;3530;2108;-422
042005;507;342;201;1050;849;-165
043047;1618;1140;2624;5382;2758;-478
049001;684;791;387;1862;1475;107
053009;2507;2054;3837;8398;4561;-453
053018;1366;1738;3270;6374;3104;372
054038;1159;916;726;2801;2075;-243
058081;2667;939;838;4444;3606;-1728
030039;329;114;54;497;443;-215
041015;1659;1564;1627;4850;3223;-95
041066;1002;991;1562;3555;1993;-11
046031;167;32;90;289;199;-135
041020;1535;656;427;2618;2191;-879
051003;153;36;147;336;189;-117
055001;849;630;491;1970;1479;-219
056042;1669;1018;1203;3890;2687;-651
099017;2208;3008;1207;6423;5216;800
056052;1256;340;1347;2943;1596;-916
031001;542;225;64;831;767;-317
031013;239;189;19;447;428;-50
031020;498;109;51;658;607;-389
030012;234;38;25;297;272;-196
030022;191;55;26;272;246;-136
030033;40;4;8;52;44;-36
030035;406;94;69;569;500;-312
030076;252;78;176;506;330;-174
030088;97;87;52;236;184;-10
030089;149;50;21;220;199;-99
030092;238;24;71;333;262;-214
030093;70;52;18;140;122;-18
030110;237;33;45;315;270;-204
030112;320;173;120;613;493;-147
030124;629;260;107;996;889;-369
030136;179;124;27;330;303;-55
030007;480;508;122;1110;988;28
030036;812;457;183;1452;1269;-355
030113;143;13;33;189;156;-130
030060;550;571;78;1199;1121;21
030085;180;181;53;414;361;1
030086;218;55;41;314;273;-163
030103;636;413;156;1205;1049;-223
030108;80;20;17;117;100;-60
030122;641;363;125;1129;1004;-278
030002;270;1167;72;1509;1437;897
030024;226;264;30;520;490;38
030111;67;34;10;111;101;-33
031019;177;75;56;308;252;-102
031004;79;136;32;247;215;57
030034;22;1;3;26;23;-21
030045;76;41;9;126;117;-35
030102;323;72;56;451;395;-251
093045;73;7;9;89;80;-66
034044;107;75;34;216;182;-32
041005;188;203;67;458;391;15
041069;3213;2445;1559;7217;5658;-768
036043;378;301;408;1087;679;-77
054057;689;355;429;1473;1044;-334
060058;970;443;443;1856;1413;-527
034026;188;62;148;398;250;-126
054043;88;89;111;288;177;1
036029;368;102;327;797;470;-266
060040;239;157;99;495;396;-82
054012;1292;904;1221;3417;2196;-388
043004;513;359;168;1040;872;-154
036018;535;168;379;1082;703;-367
036024;170;63;126;359;233;-107
037013;369;186;230;785;555;-183
043042;3150;1705;1377;6232;4855;-1445
049011;171;130;393;694;301;-41
054027;3350;1896;3214;8460;5246;-1454
054059;304;172;95;571;476;-132
060019;3920;7879;7350;19149;11799;3959
060035;1276;886;1843;4005;2162;-390
060060;1244;877;717;2838;2121;-367
060013;134;75;43;252;209;-59
043043;3278;1870;2073;7221;5148;-1408
036032;274;104;206;584;378;-170
044023;3676;2186;1898;7760;5862;-1490
058104;10892;6733;7978;25603;17625;-4159
044015;371;1021;769;2161;1392;650
058072;9623;3351;5288;18262;12974;-6272
036031;242;259;544;1045;501;17
056028;194;104;161;459;298;-90
036017;1132;255;391;1778;1387;-877
036047;831;410;724;1965;1241;-421
054024;2940;1303;8049;12292;4243;-1637
055022;2949;3801;2928;9678;6750;852
036035;153;60;59;272;213;-93
037010;403;179;180;762;582;-224
048018;473;185;1132;1790;658;-288
099004;289;46;63;398;335;-243
037033;394;182;314;890;576;-212
047023;215;226;361;802;441;11
099015;876;281;216;1373;1157;-595
054056;2362;2777;3662;8801;5139;415
099008;708;162;128;998;870;-546
099016;1812;1220;421;3453;3032;-592
036014;182;82;212;476;264;-100
099025;552;447;325;1324;999;-105
040001;565;449;1520;2534;1014;-116
043023;5445;8963;8908;23316;14408;3518
043049;472;380;526;1378;852;-92
044032;391;213;267;871;604;-178
046014;159;24;29;212;183;-135
051010;529;505;319;1353;1034;-24
061052;2344;956;4080;7380;3300;-1388
061077;2338;968;1167;4473;3306;-1370
067037;4272;3047;4302;11621;7319;-1225
099023;1350;720;1007;3077;2070;-630
099031;279;123;106;508;402;-156
058114;5124;1289;1272;7685;6413;-3835
047024;971;638;1549;3158;1609;-333
099028;1423;1490;449;3362;2913;67
053008;488;336;477;1301;824;-152
099027;306;280;77;663;586;-26
040009;854;309;415;1578;1163;-545
040028;567;91;102;760;658;-476
040031;136;51;87;274;187;-85
040036;356;162;267;785;518;-194
040044;723;402;440;1565;1125;-321
040050;270;110;323;703;380;-160
041001;951;530;602;2083;1481;-421
041009;330;88;251;669;418;-242
041023;372;391;282;1045;763;19
041026;195;176;112;483;371;-19
041027;544;571;218;1333;1115;27
041028;875;450;434;1759;1325;-425
041034;748;384;202;1334;1132;-364
041051;1324;444;352;2120;1768;-880
041064;150;97;153;400;247;-53
042001;1577;382;302;2261;1959;-1195
042012;878;1025;372;2275;1903;147
042015;961;767;709;2437;1728;-194
042031;465;448;186;1099;913;-17
042041;635;311;140;1086;946;-324
042046;684;764;643;2091;1448;80
043012;1428;1189;2064;4681;2617;-239
043044;3657;4456;4136;12249;8113;799
044066;6575;8638;9337;24550;15213;2063
048026;407;141;588;1136;548;-266
048031;112;112;263;487;224;0
048032;2286;1154;677;4117;3440;-1132
053004;614;732;1002;2348;1346;118
054023;2091;867;2670;5628;2958;-1224
054026;3287;2002;2165;7454;5289;-1285
054044;2686;1779;1415;5880;4465;-907
054045;113;149;55;317;262;36
054046;258;63;104;425;321;-195
054053;1891;1704;732;4327;3595;-187
055011;394;467;517;1378;861;73
055021;307;71;117;495;378;-236
057060;275;67;69;411;342;-208
058034;3611;6434;3175;13220;10045;2823
058046;5075;2949;1572;9596;8024;-2126
058059;6259;1857;1699;9815;8116;-4402
058065;9679;6855;5064;21598;16534;-2824
058097;3995;844;1911;6750;4839;-3151
058116;9325;2185;4393;15903;11510;-7140
058122;8819;2479;2333;13631;11298;-6340
059001;12657;8673;12083;33413;21330;-3984
059008;4475;3897;6804;15176;8372;-578
059024;2605;3676;3221;9502;6281;1071
059025;1270;1039;1424;3733;2309;-231
059029;1482;419;624;2525;1901;-1063
061022;8771;22233;13337;44341;31004;13462
061054;2020;760;1205;3985;2780;-1260
061075;2741;1229;1996;5966;3970;-1512
062037;539;304;709;1552;843;-235
063007;1505;439;1053;2997;1944;-1066
063050;4757;15102;5327;25186;19859;10345
063065;1172;680;554;2406;1852;-492
067008;1411;794;786;2991;2205;-617
067025;3322;3357;4106;10785;6679;35
067026;729;373;640;1742;1102;-356
067035;2732;1892;2025;6649;4624;-840
067047;3084;2059;1831;6974;5143;-1025
068011;2592;2193;1154;5939;4785;-399
068027;1858;1201;2237;5296;3059;-657
069043;1284;981;1442;3707;2265;-303
083010;877;519;404;1800;1396;-358
083072;689;499;370;1558;1188;-190
099006;333;150;114;597;483;-183
099009;289;82;72;443;371;-207
099026;289;445;393;1127;734;156
100001;937;628;232;1797;1565;-309
101010;1076;3759;14551;19386;4835;2683
101012;510;515;1382;2407;1025;5
041035;163;120;72;355;283;-43
082079;3122;1550;1366;6038;4672;-1572
041031;102;94;60;256;196;-8
063054;778;345;719;1842;1123;-433
109024;1489;1522;1310;4321;3011;33
051006;1614;841;421;2876;2455;-773
040033;90;111;122;323;201;21
043009;1020;461;466;1947;1481;-559
109001;996;486;290;1772;1482;-510
059032;4878;3267;8516;16661;8145;-1611
051042;1609;847;759;3215;2456;-762
055004;2082;745;1659;4486;2827;-1337
059004;774;428;336;1538;1202;-346
057059;3767;6225;12042;22034;9992;2458
056050;1579;1241;3646;6466;2820;-338
063066;2124;2011;1423;5558;4135;-113
054036;214;77;90;381;291;-137
067006;1903;375;508;2786;2278;-1528
044007;3628;11491;11956;27075;15119;7863
048012;3343;1689;2357;7389;5032;-1654
068017;274;135;113;522;409;-139
056057;2370;852;1853;5075;3222;-1518
041049;376;104;284;764;480;-272
056024;1789;1093;857;3739;2882;-696
058115;3106;721;1127;4954;3827;-2385
067031;1172;954;569;2695;2126;-218
099024;435;281;351;1067;716;-154
041016;204;123;78;405;327;-81
041021;115;235;89;439;350;120
099022;210;38;51;299;248;-172
042011;360;160;198;718;520;-200
042042;224;194;73;491;418;-30
044017;1245;530;602;2377;1775;-715
053021;1361;420;1324;3105;1781;-941
054020;509;160;166;835;669;-349
054030;1192;557;624;2373;1749;-635
056036;2007;913;2278;5198;2920;-1094
056039;1892;1090;1101;4083;2982;-802
057025;942;234;273;1449;1176;-708
069046;5311;5396;6505;17212;10707;85
069058;2830;2760;4304;9894;5590;-70
099030;174;63;142;379;237;-111
051030;369;443;713;1525;812;74
054011;973;537;384;1894;1510;-436
099021;59;31;42;132;90;-28
042007;928;679;181;1788;1607;-249
046035;295;58;99;452;353;-237
041008;361;98;201;660;459;-263
042030;2250;1000;522;3772;3250;-1250
043015;3121;3099;2495;8715;6220;-22
043025;855;389;638;1882;1244;-466
048039;254;78;119;451;332;-176
051008;682;467;363;1512;1149;-215
051015;380;625;232;1237;1005;245
051041;1005;453;930;2388;1458;-552
054016;243;62;103;408;305;-181
054032;314;61;86;461;375;-253
054052;1739;1813;3521;7073;3552;74
057044;1086;260;259;1605;1346;-826
066050;306;95;112;513;401;-211
066057;210;40;64;314;250;-170
109036;251;111;151;513;362;-140
041002;242;128;323;693;370;-114
042008;1752;702;259;2713;2454;-1050
043041;1666;1027;636;3329;2693;-639
051024;416;180;197;793;596;-236
067038;1905;1555;1579;5039;3460;-350
069099;5629;3224;7566;16419;8853;-2405
051035;182;93;208;483;275;-89
041058;379;537;134;1050;916;158
054006;1151;531;404;2086;1682;-620
053025;153;89;117;359;242;-64
054005;510;547;275;1332;1057;37
052004;975;816;494;2285;1791;-159
041022;299;589;272;1160;888;290
109038;470;404;273;1147;874;-66
043030;849;934;413;2196;1783;85
043039;206;159;85;450;365;-47
109027;191;161;84;436;352;-30
041018;275;80;109;464;355;-195
041041;190;33;74;297;223;-157
041047;449;550;278;1277;999;101
042036;623;653;474;1750;1276;30
054019;494;774;306;1574;1268;280
054041;317;144;309;770;461;-173
054055;850;238;375;1463;1088;-612
067044;2703;2052;1249;6004;4755;-651
041006;105;27;56;188;132;-78
041017;54;61;30;145;115;7
041025;230;125;201;556;355;-105
041048;140;55;63;258;195;-85
041061;216;38;54;308;254;-178
054049;488;273;252;1013;761;-215
109010;429;431;109;969;860;2
054034;931;406;841;2178;1337;-525
043026;1604;1424;1023;4051;3028;-180
060003;5344;1921;3564;10829;7265;-3423
042004;322;318;118;758;640;-4
042020;412;462;127;1001;874;50
042024;297;608;55;960;905;311
042026;399;237;199;835;636;-162
042029;932;993;219;2144;1925;61
042037;191;75;23;289;266;-116
042047;620;428;236;1284;1048;-192
042049;573;243;176;992;816;-330
043003;686;978;783;2447;1664;292
043007;766;1468;1392;3626;2234;702
043028;2107;1335;763;4205;3442;-772
043033;2075;1633;1523;5231;3708;-442
043050;78;53;39;170;131;-25
043054;1758;1247;1532;4537;3005;-511
044020;2901;491;514;3906;3392;-2410
054017;2359;885;1253;4497;3244;-1474
054050;2020;1393;966;4379;3413;-627
060024;4420;1752;2507;8679;6172;-2668
060074;2957;3870;5051;11878;6827;913
066020;883;239;297;1419;1122;-644
068012;3048;3836;1913;8797;6884;788
068030;2007;746;856;3609;2753;-1261
068035;1126;651;322;2099;1777;-475
069010;221;108;147;476;329;-113
069035;5522;2573;2720;10815;8095;-2949
070065;371;61;62;494;432;-310
109008;729;875;444;2048;1604;146
109017;1156;1277;1102;3535;2433;121
109023;417;477;374;1268;894;60
109030;686;414;263;1363;1100;-272
109032;466;318;143;927;784;-148
109037;3533;3015;2289;8837;6548;-518
043029;771;497;463;1731;1268;-274
109005;620;658;414;1692;1278;38
043002;430;249;285;964;679;-181
043055;666;472;236;1374;1138;-194
043058;197;69;78;344;266;-128
052027;226;168;216;610;394;-58
054003;1147;636;449;2232;1783;-511
060022;834;743;321;1898;1577;-91
060046;1655;798;864;3317;2453;-857
067018;468;207;203;878;675;-261
067019;815;1897;378;3090;2712;1082
067030;1720;3470;1360;6550;5190;1750
067042;363;131;94;588;494;-232
069081;3416;6863;1657;11936;10279;3447
070006;2299;9133;12990;24422;11432;6834
109003;123;117;23;263;240;-6
109022;410;624;242;1276;1034;214
109025;93;17;24;134;110;-76
109035;468;285;224;977;753;-183
067039;1083;1395;551;3029;2478;312
070051;656;323;412;1391;979;-333
043052;210;31;81;322;241;-179
043031;1498;1060;1171;3729;2558;-438
044045;3266;2533;1486;7285;5799;-733
067010;104;26;28;158;130;-78
068006;1044;638;246;1928;1682;-406
109015;269;87;102;458;356;-182
056015;774;480;951;2205;1254;-294
067020;507;935;161;1603;1442;428
055023;1300;3179;5409;9888;4479;1879
067004;1772;1504;1525;4801;3276;-268
067028;1207;1062;1164;3433;2269;-145
043006;419;515;170;1104;934;96
043008;136;49;41;226;185;-87
043011;120;73;25;218;193;-47
043014;288;330;113;731;618;42
043016;406;167;256;829;573;-239
043017;116;113;68;297;229;-3
043019;249;55;111;415;304;-194
043020;162;161;26;349;323;-1
043021;121;51;78;250;172;-70
043022;426;259;296;981;685;-167
043034;176;208;109;493;384;32
043035;172;99;100;371;271;-73
043036;487;219;150;856;706;-268
043038;249;190;158;597;439;-59
043040;54;26;11;91;80;-28
043045;238;145;80;463;383;-93
043046;621;478;398;1497;1099;-143
043048;241;224;138;603;465;-17
043057;126;228;192;546;354;102
044001;494;237;287;1018;731;-257
044002;996;553;281;1830;1549;-443
044005;452;125;123;700;577;-327
044006;162;102;116;380;264;-60
044010;197;75;96;368;272;-122
044011;2547;653;537;3737;3200;-1894
044012;534;231;326;1091;765;-303
044013;638;152;125;915;790;-486
044014;1185;364;198;1747;1549;-821
044016;186;81;84;351;267;-105
044021;279;97;101;477;376;-182
044027;638;553;131;1322;1191;-85
044029;397;457;124;978;854;60
044031;1164;1006;400;2570;2170;-158
044036;364;562;270;1196;926;198
044044;101;56;42;199;157;-45
044054;798;848;744;2390;1646;50
044063;752;1023;575;2350;1775;271
044064;449;216;160;825;665;-233
044065;151;221;96;468;372;70
044071;1936;1145;671;3752;3081;-791
044073;473;132;143;748;605;-341
054008;815;322;263;1400;1137;-493
054029;349;79;101;529;428;-270
055031;1314;426;309;2049;1740;-888
061074;1841;802;1052;3695;2643;-1039
066006;3553;7542;10412;21507;11095;3989
066031;122;73;76;271;195;-49
066049;2559;10760;21462;34781;13319;8201
066074;97;63;32;192;160;-34
066075;1413;510;776;2699;1923;-903
066088;125;87;78;290;212;-38
066093;165;53;268;486;218;-112
066098;1620;3312;5275;10207;4932;1692
067002;416;1618;200;2234;2034;1202
067005;515;622;314;1451;1137;107
067009;487;219;125;831;706;-268
067011;1607;2592;987;5186;4199;985
067015;566;231;189;986;797;-335
067016;345;49;83;477;394;-296
067017;958;768;527;2253;1726;-190
067022;119;29;46;194;148;-90
067032;1546;916;641;3103;2462;-630
067046;136;30;77;243;166;-106
068007;247;84;251;582;331;-163
068018;355;319;178;852;674;-36
068020;652;73;161;886;725;-579
068025;791;557;239;1587;1348;-234
068031;293;90;81;464;383;-203
068039;796;411;265;1472;1207;-385
069005;918;12832;2839;16589;13750;11914
069037;344;189;169;702;533;-155
069083;2279;5449;4165;11893;7728;3170
070031;736;923;1184;2843;1659;187
070084;653;569;377;1599;1222;-84
071027;587;430;925;1942;1017;-157
071028;2277;1167;6298;9742;3444;-1110
071047;1857;381;1585;3823;2238;-1476
071053;397;132;556;1085;529;-265
071058;930;397;1018;2345;1327;-533
109004;451;391;229;1071;842;-60
109009;309;117;78;504;426;-192
109011;181;164;73;418;345;-17
109012;107;122;66;295;229;15
109013;329;182;218;729;511;-147
109016;183;240;65;488;423;57
109028;125;99;31;255;224;-26
109029;123;275;120;518;398;152
109031;422;410;303;1135;832;-12
109040;416;165;181;762;581;-251
054054;1554;1758;1225;4537;3312;204
068021;1360;864;914;3138;2224;-496
110004;1866;903;5592;8361;2769;-963
067013;395;314;289;998;709;-81
067021;1059;1827;670;3556;2886;768
043056;57;26;38;121;83;-31
060085;3652;1866;2295;7813;5518;-1786
043051;252;194;64;510;446;-58
056003;537;296;529;1362;833;-241
066036;522;201;279;1002;723;-321
067043;666;299;164;1129;965;-367
069091;596;445;355;1396;1041;-151
109007;216;151;76;443;367;-65
043032;137;83;89;309;220;-54
058052;422;48;59;529;470;-374
058068;2253;622;622;3497;2875;-1631
070010;1346;752;824;2922;2098;-594
061049;5637;12117;5955;23709;17754;6480
067012;165;86;128;379;251;-79
109026;170;130;56;356;300;-40
054014;792;502;363;1657;1294;-290
054037;1049;821;666;2536;1870;-228
054040;783;433;359;1575;1216;-350
043005;31;20;9;60;51;-11
067033;399;380;145;924;779;-19
068033;573;614;869;2056;1187;41
071004;972;740;2290;4002;1712;-232
054035;275;513;1206;1994;788;238
056043;383;109;212;704;492;-274
066072;1213;286;360;1859;1499;-927
067034;40;58;20;118;98;18
056048;1383;658;1035;3076;2041;-725
061016;1370;4062;542;5974;5432;2692
109019;83;8;19;110;91;-75
043010;28;28;17;73;56;0
043027;21;10;5;36;31;-11
044038;81;35;21;137;116;-46
054048;157;40;105;302;197;-117
056031;421;63;228;712;484;-358
060016;364;43;97;504;407;-321
060033;3664;3792;2852;10308;7456;128
061053;5145;1586;1788;8519;6731;-3559
062043;1743;1568;2135;5446;3311;-175
066051;933;427;945;2305;1360;-506
061002;1045;717;826;2588;1762;-328
063024;7031;5896;10478;23405;12927;-1135
063034;19322;9460;14603;43385;28782;-9862
067045;320;98;72;490;418;-222
068022;1549;1247;666;3462;2796;-302
069050;950;896;544;2390;1846;-54
070078;2465;5895;7858;16218;8360;3430
109014;83;18;22;123;101;-65
109039;88;20;14;122;108;-68
056055;896;105;336;1337;1001;-791
061037;1418;665;628;2711;2083;-753
044034;106;36;22;164;142;-70
061046;3175;1036;1035;5246;4211;-2139
061098;1339;547;515;2401;1886;-792
063089;4522;3814;2261;10597;8336;-708
068038;375;275;177;827;650;-100
094002;477;257;916;1650;734;-220
109020;132;73;48;253;205;-59
071031;439;176;857;1472;615;-263
062053;383;633;328;1344;1016;250
063068;3898;3167;4546;11611;7065;-731
070072;448;202;584;1234;650;-246
060075;441;253;209;903;694;-188
068015;1427;798;538;2763;2225;-629
061019;2487;1321;2192;6000;3808;-1166
066056;381;240;272;893;621;-141
067029;917;805;330;2052;1722;-112
094023;1561;3855;4810;10226;5416;2294
061043;2234;3151;1041;6426;5385;917
054007;301;178;800;1279;479;-123
054010;172;101;143;416;273;-71
055005;613;256;210;1079;869;-357
066007;567;175;304;1046;742;-392
066013;213;102;103;418;315;-111
066092;300;48;115;463;348;-252
067036;80;25;50;155;105;-55
072030;4135;3873;11327;19335;8008;-262
057001;63;81;84;228;144;18
057002;227;221;494;942;448;-6
064119;422;201;292;915;623;-221
066095;1152;531;290;1973;1683;-621
044056;42;19;5;66;61;-23
060008;1124;484;381;1989;1608;-640
062008;3061;11606;14101;28768;14667;8545
064008;5231;15874;11365;32470;21105;10643
064090;127;21;46;194;148;-106
065005;1002;377;744;2123;1379;-625
065116;9704;24650;29215;63569;34354;14946
066021;109;72;56;237;181;-37
066077;466;268;279;1013;734;-198
066101;775;88;164;1027;863;-687
067003;170;22;57;249;192;-148
067024;62;2;16;80;64;-60
068002;673;843;405;1921;1516;170
068044;205;136;34;375;341;-69
069016;932;63;112;1107;995;-869
069030;380;519;212;1111;899;139
069033;1534;866;548;2948;2400;-668
069057;653;382;447;1482;1035;-271
069069;184;231;71;486;415;47
069072;896;450;337;1683;1346;-446
069086;1212;750;455;2417;1962;-462
069089;68;7;17;92;75;-61
069094;1096;369;296;1761;1465;-727
066005;201;36;86;323;237;-165
069021;157;35;60;252;192;-122
109021;65;69;23;157;134;4
064007;1374;398;773;2545;1772;-976
064039;481;66;89;636;547;-415
067007;354;75;155;584;429;-279
063082;2366;1620;1998;5984;3986;-746
066069;759;373;369;1501;1132;-386
066085;723;197;489;1409;920;-526
068003;216;260;66;542;476;44
069008;1244;259;393;1896;1503;-985
069056;735;702;148;1585;1437;-33
069059;1054;1004;399;2457;2058;-50
069084;654;259;132;1045;913;-395
066016;49;27;54;130;76;-22
057009;681;68;125;874;749;-613
057027;3325;3685;1377;8387;7010;360
057051;461;49;136;646;510;-412
068019;266;73;87;426;339;-193
068032;86;14;24;124;100;-72
068042;436;388;278;1102;824;-48
061050;309;152;117;578;461;-157
064005;1635;1639;4295;7569;3274;4
066008;155;49;38;242;204;-106
066019;98;83;86;267;181;-15
066073;262;152;84;498;414;-110
066084;136;471;354;961;607;335
067014;262;533;195;990;795;271
068010;242;130;126;498;372;-112
068023;163;259;76;498;422;96
068026;457;239;142;838;696;-218
069018;1197;300;268;1765;1497;-897
069027;497;236;277;1010;733;-261
069031;145;579;256;980;724;434
069073;333;96;126;555;429;-237
069074;618;504;220;1342;1122;-114
069085;554;177;154;885;731;-377
069090;652;330;559;1541;982;-322
071056;1300;834;3328;5462;2134;-466
059026;1218;564;587;2369;1782;-654
046036;139;44;70;253;183;-95
050036;1310;420;358;2088;1730;-890
046027;419;97;88;604;516;-322
046020;297;114;51;462;411;-183
053027;208;133;159;500;341;-75
050010;444;385;211;1040;829;-59
050012;312;89;131;532;401;-223
050016;318;96;136;550;414;-222
053013;522;291;571;1384;813;-231
048020;1384;684;490;2558;2068;-700
049013;460;316;778;1554;776;-144
050015;305;81;63;449;386;-224
055030;475;187;253;915;662;-288
050023;155;64;72;291;219;-91
056019;274;191;140;605;465;-83
052026;1158;594;697;2449;1752;-564
056018;446;129;217;792;575;-317
057016;1405;1752;642;3799;3157;347
057030;189;57;41;287;246;-132
058102;2279;445;624;3348;2724;-1834
056058;846;459;462;1767;1305;-387
057066;563;74;161;798;637;-489
051023;122;36;47;205;158;-86
051038;237;50;83;370;287;-187
052001;669;734;1451;2854;1403;65
052010;321;145;273;739;466;-176
052018;319;64;165;548;383;-255
052023;198;756;356;1310;954;558
061088;2201;2321;3078;7600;4522;120
063027;2291;1010;1036;4337;3301;-1281
051014;239;64;46;349;303;-175
052008;464;309;327;1100;773;-155
052013;386;561;526;1473;947;175
051021;837;578;388;1803;1415;-259
050019;358;152;194;704;510;-206
050021;120;16;94;230;136;-104
063067;8023;3402;3504;14929;11425;-4621
049010;225;230;315;770;455;5
050006;301;122;82;505;423;-179
050011;345;130;227;702;475;-215
050030;377;134;149;660;511;-243
051007;225;70;219;514;295;-155
051027;234;237;71;542;471;3
052007;386;215;318;919;601;-171
052020;467;954;1042;2463;1421;487
052021;275;480;436;1191;755;205
052025;135;186;159;480;321;51
052030;421;356;552;1329;777;-65
052036;233;251;160;644;484;18
053005;189;58;144;391;247;-131
053006;745;1626;1526;3897;2371;881
053014;561;451;1755;2767;1012;-110
053017;175;68;135;378;243;-107
053022;387;276;410;1073;663;-111
053028;123;84;156;363;207;-39
055003;290;73;102;465;363;-217
055006;398;190;169;757;588;-208
055007;511;376;272;1159;887;-135
055008;302;98;176;576;400;-204
055010;592;307;250;1149;899;-285
055013;265;108;179;552;373;-157
055015;345;83;170;598;428;-262
056001;629;669;1127;2425;1298;40
057029;758;173;174;1105;931;-585
057040;174;94;72;340;268;-80
057053;1352;932;633;2917;2284;-420
058015;2376;861;1284;4521;3237;-1515
058024;2286;686;574;3546;2972;-1600
058032;3349;4622;14734;22705;7971;1273
058033;556;181;109;846;737;-375
058039;5417;6790;2283;14490;12207;1373
058057;13089;4135;3832;21056;17224;-8954
058058;762;80;153;995;842;-682
058075;3249;750;1128;5127;3999;-2499
058079;11047;22224;12732;46003;33271;11177
059011;12747;17447;30911;61105;30194;4700
059014;3535;1651;2077;7263;5186;-1884
060005;738;160;489;1387;898;-578
060010;1449;590;617;2656;2039;-859
060025;1349;958;995;3302;2307;-391
060026;1735;427;514;2676;2162;-1308
060038;4728;17462;8962;31152;22190;12734
060043;2115;1563;1190;4868;3678;-552
060044;2466;750;1000;4216;3216;-1716
060056;2241;977;1576;4794;3218;-1264
060068;1190;498;430;2118;1688;-692
060070;485;313;243;1041;798;-172
060082;513;51;148;712;564;-462
061092;2807;3719;1138;7664;6526;912
063004;893;255;1404;2552;1148;-638
063008;4082;1662;2496;8240;5744;-2420
063017;8439;5775;4911;19125;14214;-2664
063026;3472;2257;1092;6821;5729;-1215
063032;4023;6007;3387;13417;10030;1984
063033;2718;1135;967;4820;3853;-1583
063041;9793;3034;4924;17751;12827;-6759
063052;2467;1758;2752;6977;4225;-709
063053;2243;1793;1406;5442;4036;-450
063056;2765;1175;787;4727;3940;-1590
063059;9139;3916;5069;18124;13055;-5223
063064;6800;2889;4163;13852;9689;-3911
063070;1939;1551;664;4154;3490;-388
063075;1530;1242;393;3165;2772;-288
063080;1665;4961;3248;9874;6626;3296
055018;282;141;143;566;423;-141
058016;969;195;244;1408;1164;-774
060023;930;327;379;1636;1257;-603
055002;441;202;134;777;643;-239
049019;68;131;56;255;199;63
059009;2257;2567;3048;7872;4824;310
053026;364;276;537;1177;640;-88
056053;493;431;423;1347;924;-62
059007;2982;2427;9581;14990;5409;-555
059012;806;178;345;1329;984;-628
059021;1016;141;238;1395;1157;-875
059028;4108;1265;3183;8556;5373;-2843
060020;762;482;214;1458;1244;-280
063061;621;201;1797;2619;822;-420
053002;510;302;260;1072;812;-208
063035;4149;2454;3749;10352;6603;-1695
056034;600;218;389;1207;818;-382
057069;328;151;80;559;479;-177
058064;2402;917;501;3820;3319;-1485
054025;90;147;75;312;237;57
054033;417;849;150;1416;1266;432
056002;152;81;57;290;233;-71
056008;465;344;647;1456;809;-121
056013;328;167;154;649;495;-161
056022;263;172;151;586;435;-91
056029;466;55;139;660;521;-411
056030;409;245;356;1010;654;-164
056047;402;113;193;708;515;-289
056060;1537;462;303;2302;1999;-1075
060055;793;244;278;1315;1037;-549
061104;1338;2224;543;4105;3562;886
066025;737;795;979;2511;1532;58
066028;650;650;1409;2709;1300;0
066045;36;4;16;56;40;-32
066099;1000;430;803;2233;1430;-570
066041;197;103;73;373;300;-94
060052;1034;4798;957;6789;5832;3764
056026;198;95;159;452;293;-103
066032;1567;775;1858;4200;2342;-792
058004;930;78;269;1277;1008;-852
066066;224;61;88;373;285;-163
060006;2503;5267;4408;12178;7770;2764
058100;705;126;263;1094;831;-579
060015;605;558;251;1414;1163;-47
060014;1650;560;754;2964;2210;-1090
061062;1795;672;450;2917;2467;-1123
066017;144;164;75;383;308;20
094020;114;24;43;181;138;-90
094052;1642;1330;1828;4800;2972;-312
055009;387;137;212;736;524;-250
057054;606;463;318;1387;1069;-143
059019;2431;972;1748;5151;3403;-1459
053020;134;65;142;341;199;-69
056012;615;310;870;1795;925;-305
056040;132;29;84;245;161;-103
056044;78;58;72;208;136;-20
058106;284;69;59;412;353;-215
055020;202;70;80;352;272;-132
056056;510;68;160;738;578;-442
055025;84;20;37;141;104;-64
056005;1025;199;361;1585;1224;-826
055016;265;116;137;518;381;-149
055028;537;101;115;753;638;-436
056033;192;64;84;340;256;-128
056032;142;32;60;234;174;-110
056037;416;41;192;649;457;-375
058056;1835;226;425;2486;2061;-1609
058099;855;129;266;1250;984;-726
061027;2859;2185;3154;8198;5044;-674
061058;708;309;374;1391;1017;-399
056016;412;208;228;848;620;-204
056021;1924;2497;3131;7552;4421;573
061048;4771;4245;5390;14406;9016;-526
053007;371;280;383;1034;651;-91
058035;1266;296;210;1772;1562;-970
059016;844;77;259;1180;921;-767
061078;5109;2744;1709;9562;7853;-2365
061082;2550;1252;1431;5233;3802;-1298
063002;7398;4920;7143;19461;12318;-2478
065003;897;493;751;2141;1390;-404
065014;5108;8260;9980;23348;13368;3152
063051;3384;3245;2727;9356;6629;-139
058013;3804;1982;2419;8205;5786;-1822
056020;176;61;97;334;237;-115
053012;7;27;303;337;34;20
056010;207;40;45;292;247;-167
056045;1578;851;1169;3598;2429;-727
057035;528;383;538;1449;911;-145
057064;849;89;198;1136;938;-760
058105;1006;380;509;1895;1386;-626
059006;1947;486;1408;3841;2433;-1461
061011;459;69;108;636;528;-390
061081;2672;1095;724;4491;3767;-1577
061094;3776;1816;1830;7422;5592;-1960
069066;213;32;66;311;245;-181
056051;52;19;24;95;71;-33
063038;697;478;608;1783;1175;-219
066082;155;157;238;550;312;2
056041;981;188;228;1397;1169;-793
056049;1380;455;665;2500;1835;-925
054028;636;438;497;1571;1074;-198
055029;1331;443;369;2143;1774;-888
055033;512;237;263;1012;749;-275
065135;3124;3472;5155;11751;6596;348
055017;1146;548;431;2125;1694;-598
057032;66;30;31;127;96;-36
061005;6726;8459;7794;22979;15185;1733
066096;642;540;201;1383;1182;-102
054047;101;50;45;196;151;-51
054058;87;29;20;136;116;-58
055019;341;91;76;508;432;-250
054031;56;21;101;178;77;-35
055012;420;123;129;672;543;-297
056014;1257;481;803;2541;1738;-776
057033;220;153;422;795;373;-67
057049;333;38;143;514;371;-295
061069;491;290;257;1038;781;-201
054042;13;4;5;22;17;-9
057055;674;114;167;955;788;-560
063069;855;324;184;1363;1179;-531
063088;788;275;517;1580;1063;-513
064070;363;75;209;647;438;-288
065078;5267;7070;7987;20324;12337;1803
057008;233;89;73;395;322;-144
061096;59;1;44;104;60;-58
055024;388;128;130;646;516;-260
057003;517;121;222;860;638;-396
057072;45;15;13;73;60;-30
061008;322;384;144;850;706;62
064092;511;1234;576;2321;1745;723
069042;250;29;100;379;279;-221
057031;367;106;89;562;473;-261
066011;22; ;9;22 9;22 ;-22
057006;79;54;73;206;133;-25
056006;284;73;69;426;357;-211
056027;506;495;318;1319;1001;-11
058018;2908;2021;1026;5955;4929;-887
058093;1917;287;580;2784;2204;-1630
062025;212;206;356;774;418;-6
055014;364;141;156;661;505;-223
055026;200;58;80;338;258;-142
057007;797;248;480;1525;1045;-549
058107;1088;500;668;2256;1588;-588
066029;179;57;77;313;236;-122
056038;1263;203;326;1792;1466;-1060
057021;367;88;109;564;455;-279
057024;115;13;52;180;128;-102
057028;243;29;93;365;272;-214
057041;293;15;77;385;308;-278
057052;315;44;47;406;359;-271
058060;3539;1508;663;5710;5047;-2031
058080;272;57;105;434;329;-215
058086;4399;807;1262;6468;5206;-3592
058103;1537;732;1354;3623;2269;-805
058110;3518;2055;1590;7163;5573;-1463
058117;12950;2400;3437;18787;15350;-10550
059005;5927;4588;6135;16650;10515;-1339
061087;2713;1246;1028;4987;3959;-1467
061095;939;1182;772;2893;2121;243
062003;730;379;696;1805;1109;-351
065075;255;27;113;395;282;-228
071003;159;46;118;323;205;-113
071060;244;414;2930;3588;658;170
057010;409;79;111;599;488;-330
057022;113;29;24;166;142;-84
057050;209;117;89;415;326;-92
057065;253;59;61;373;312;-194
058063;1172;628;533;2333;1800;-544
065022;2163;738;2343;5244;2901;-1425
057043;151;24;45;220;175;-127
063025;1823;1157;328;3308;2980;-666
056009;397;113;100;610;510;-284
056023;722;363;419;1504;1085;-359
061070;456;279;372;1107;735;-177
055027;49;8;10;67;57;-41
056025;523;76;111;710;599;-447
058067;603;64;209;876;667;-539
057012;248;108;111;467;356;-140
057042;54; ;17;54 17;54 ;-54
057067;314;73;99;486;387;-241
057070;270;127;117;514;397;-143
056046;299;29;71;399;328;-270
056054;564;158;219;941;722;-406
057026;101;34;41;176;135;-67
057039;73;96;16;185;169;23
057068;278;13;65;356;291;-265
060045;736;212;240;1188;948;-524
061060;948;1825;684;3457;2773;877
062026;397;74;495;966;471;-323
056017;593;444;171;1208;1037;-149
057047;66;9;37;112;75;-57
062054;304;151;206;661;455;-153
056004;193;64;89;346;257;-129
057005;158;19;39;216;177;-139
057011;161;24;34;219;185;-137
057014;196;46;75;317;242;-150
057015;277;47;66;390;324;-230
057017;60;24;35;119;84;-36
057023;48;7;23;78;55;-41
057038;101;12;36;149;113;-89
057045;64;34;21;119;98;-30
057056;117;64;41;222;181;-53
057063;123;2;22;147;125;-121
058026;2783;399;730;3912;3182;-2384
058038;3168;2687;1458;7313;5855;-481
058119;4158;2368;1159;7685;6526;-1790
060002;396;87;149;632;483;-309
060021;196;90;55;341;286;-106
060089;603;592;146;1341;1195;-11
061017;942;1110;787;2839;2052;168
061065;271;495;164;930;766;224
062060;616;221;187;1024;837;-395
062071;971;207;205;1383;1178;-764
063012;2346;795;716;3857;3141;-1551
063037;1584;1905;3948;7437;3489;321
063043;5603;2788;3211;11602;8391;-2815
065019;333;138;300;771;471;-195
065037;5210;3909;9465;18584;9119;-1301
065067;3682;3065;2839;9586;6747;-617
065097;492;1255;891;2638;1747;763
065099;4363;4389;3559;12311;8752;26
066059;346;22;39;407;368;-324
058089;253;32;46;331;285;-221
060036;599;379;168;1146;978;-220
058042;1404;510;413;2327;1914;-894
060053;1026;184;317;1527;1210;-842
060030;307;102;109;518;409;-205
057034;91;16;25;132;107;-75
058025;228;66;41;335;294;-162
058112;989;172;180;1341;1161;-817
060059;209;53;33;295;262;-156
058098;1462;242;192;1896;1704;-1220
060076;1047;374;281;1702;1421;-673
060073;591;126;120;837;717;-465
063055;2807;1903;3303;8013;4710;-904
060079;1156;259;283;1698;1415;-897
058069;335;82;88;505;417;-253
057013;35;12;33;80;47;-23
058006;213;97;52;362;310;-116
058037;108;18;26;152;126;-90
060064;659;118;215;992;777;-541
061057;1201;1748;1543;4492;2949;547
061083;4709;5706;4105;14520;10415;997
068009;141;202;32;375;343;61
094036;47;9;26;82;56;-38
058021;137;30;18;185;167;-107
058071;505;105;133;743;610;-400
091067;251;70;457;778;321;-181
057062;145;39;61;245;184;-106
058008;270;119;85;474;389;-151
058011;3084;1046;1234;5364;4130;-2038
058031;152;12;28;192;164;-140
058040;1712;477;402;2591;2189;-1235
058049;1977;587;318;2882;2564;-1390
058066;497;77;118;692;574;-420
058070;493;260;127;880;753;-233
058096;773;106;97;976;879;-667
060004;463;215;261;939;678;-248
060011;566;684;530;1780;1250;118
060018;391;211;246;848;602;-180
060028;203;41;53;297;244;-162
060032;109;27;22;158;136;-82
060042;324;233;115;672;557;-91
060087;469;78;116;663;547;-391
061039;314;57;189;560;371;-257
061091;1361;971;1525;3857;2332;-390
061103;946;459;534;1939;1405;-487
062070;1314;706;1337;3357;2020;-608
063021;3327;2268;1217;6812;5595;-1059
063074;2835;2002;2340;7177;4837;-833
064024;256;101;120;477;357;-155
064073;266;328;107;701;594;62
065089;515;423;470;1408;938;-92
066106;195;11;45;251;206;-184
057057;88;63;75;226;151;-25
061015;2699;3150;2288;8137;5849;451
066064;338;469;192;999;807;131
066102;1087;418;768;2273;1505;-669
057037;16;8;11;35;24;-8
057019;55;12;30;97;67;-43
066089;183;21;55;259;204;-162
060034;76;21;79;176;97;-55
060048;727;1380;253;2360;2107;653
066009;391;124;128;643;515;-267
066034;163;28;36;227;191;-135
066038;159;59;41;259;218;-100
066052;218;52;63;333;270;-166
066053;685;378;380;1443;1063;-307
066054;343;171;84;598;514;-172
066062;243;736;190;1169;979;493
066065;144;140;190;474;284;-4
066080;262;36;48;346;298;-226
057046;37;24;10;71;61;-13
057061;112;38;31;181;150;-74
057048;28;6;11;45;34;-22
058073;1274;483;793;2550;1757;-791
060027;370;293;117;780;663;-77
066002;267;495;152;914;762;228
066087;454;198;196;848;652;-256
057004;35;4;20;59;39;-31
057071;50;9;10;69;59;-41
058002;496;99;83;678;595;-397
058010;333;174;92;599;507;-159
058055;225;21;32;278;246;-204
058083;172;101;49;322;273;-71
058109;56;14;13;83;70;-42
058009;4480;5970;1502;11952;10450;1490
058020;893;127;284;1304;1020;-766
058023;1766;470;578;2814;2236;-1296
058027;338;20;48;406;358;-318
058030;324;63;64;451;387;-261
058044;269;97;66;432;366;-172
058051;195;6;44;245;201;-189
058053;249;22;36;307;271;-227
058061;320;32;58;410;352;-288
058078;582;190;136;908;772;-392
058095;349;47;68;464;396;-302
061025;271;19;78;368;290;-252
061086;354;134;136;624;488;-220
064097;183;34;85;302;217;-149
065028;673;601;639;1913;1274;-72
065076;734;290;894;1918;1024;-444
066105;138;18;18;174;156;-120
066068;113;222;449;784;335;109
057018;91;21;25;137;112;-70
057058;46;9;15;70;55;-37
066001;57;1;14;72;58;-56
065114;1122;1391;2313;4826;2513;269
057073;27;18;17;62;45;-9
057020;25;70;8;103;95;45
057036;16;14;3;33;30;-2
058012;636;159;206;1001;795;-477
059017;2977;2094;1799;6870;5071;-883
059027;2667;1657;721;5045;4324;-1010
061040;147;22;17;186;169;-125
061042;1045;1188;698;2931;2233;143
061089;1230;751;857;2838;1981;-479
061102;1226;879;948;3053;2105;-347
062001;1284;1538;1164;3986;2822;254
063005;4322;8011;3330;15663;12333;3689
063072;4188;2839;2799;9826;7027;-1349
066015;105;26;68;199;131;-79
066022;39;8;10;57;47;-31
066033;346;57;100;503;403;-289
066037;25;8;12;45;33;-17
066044;226;58;34;318;284;-168
066067;152;47;24;223;199;-105
066071;342;32;66;440;374;-310
066078;85;143;85;313;228;58
068005;343;267;257;867;610;-76
070013;24;11;19;54;35;-13
058048;47;52;22;121;99;5
060080;333;110;128;571;443;-223
060081;411;135;99;645;546;-276
058014;83;9;23;115;92;-74
058017;84;44;25;153;128;-40
058028;109;7;32;148;116;-102
058045;174;39;29;242;213;-135
058050;3476;1136;808;5420;4612;-2340
059015;1091;338;589;2018;1429;-753
059022;230;101;100;431;331;-129
059030;368;798;534;1700;1166;430
060007;1102;569;345;2016;1671;-533
060041;569;53;120;742;622;-516
060047;269;23;100;392;292;-246
060063;533;595;357;1485;1128;62
060069;287;30;82;399;317;-257
060071;727;139;215;1081;866;-588
061013;2437;829;519;3785;3266;-1608
061021;1818;1724;565;4107;3542;-94
061029;1903;452;613;2968;2355;-1451
065007;4830;4220;5077;14127;9050;-610
066023;72;37;54;163;109;-35
058084;44;23;16;83;67;-21
058092;381;50;58;489;431;-331
059002;341;63;129;533;404;-278
059010;1736;454;1276;3466;2190;-1282
059013;645;86;217;948;731;-559
059020;229;237;106;572;466;8
059023;238;77;65;380;315;-161
061067;1857;367;374;2598;2224;-1490
061100;1556;1739;679;3974;3295;183
066063;53;14;14;81;67;-39
058001;298;77;92;467;375;-221
060078;278;55;68;401;333;-223
058041;575;127;100;802;702;-448
058062;545;133;130;808;678;-412
058085;81;11;22;114;92;-70
060039;446;44;117;607;490;-402
060054;481;336;190;1007;817;-145
064103;823;274;228;1325;1097;-549
065137;7015;5066;6950;19031;12081;-1949
058113;31;7;11;49;38;-24
060051;636;53;174;863;689;-583
058077;160;107;28;295;267;-53
058090;167;30;21;218;197;-137
061059;491;259;252;1002;750;-232
060009;507;54;104;665;561;-453
058087;47;1;9;57;48;-46
058094;234;10;28;272;244;-224
058101;35;9;13;57;44;-26
060090;304;40;156;500;344;-264
058019;59;21;31;111;80;-38
060084;274;37;62;373;311;-237
064121;3527;1067;2165;6759;4594;-2460
061007;1036;649;605;2290;1685;-387
060065;239;17;30;286;256;-222
060012;503;263;168;934;766;-240
060029;139;13;31;183;152;-126
060031;736;198;274;1208;934;-538
060037;315;64;73;452;379;-251
060049;361;46;67;474;407;-315
060057;225;104;67;396;329;-121
060083;188;44;36;268;232;-144
061014;264;134;139;537;398;-130
061044;73;5;56;134;78;-68
061084;494;209;171;874;703;-285
065079;4284;2963;2590;9837;7247;-1321
061066;184;139;83;406;323;-45
061006;296;62;181;539;358;-234
061004;989;597;504;2090;1586;-392
061018;2682;1846;893;5421;4528;-836
064029;653;313;222;1188;966;-340
065034;2501;2074;1561;6136;4575;-427
065052;2598;5010;1684;9292;7608;2412
065090;2758;860;664;4282;3618;-1898
065157;1280;636;668;2584;1916;-644
066046;316;176;195;687;492;-140
061099;1313;1226;1523;4062;2539;-87
060088;204;90;69;363;294;-114
058076;41; ;12;41 12;41 ;-41
060062;393;92;141;626;485;-301
061047;2089;622;572;3283;2711;-1467
061055;589;2268;248;3105;2857;1679
063045;6374;2644;2462;11480;9018;-3730
064050;779;884;1177;2840;1663;105
065016;937;181;527;1645;1118;-756
065122;1452;1274;1282;4008;2726;-178
065132;1670;1288;1466;4424;2958;-382
101011;235;111;429;775;346;-124
063020;2232;3405;1186;6823;5637;1173
064047;337;110;147;594;447;-227
064049;2838;1827;874;5539;4665;-1011
064105;395;119;79;593;514;-276
065013;3645;1830;1608;7083;5475;-1815
065047;516;148;172;836;664;-368
065142;1769;372;851;2992;2141;-1397
060086;158;123;50;331;281;-35
061036;585;900;617;2102;1485;315
076063;3441;12339;17847;33627;15780;8898
064077;328;203;193;724;531;-125
065130;1598;2175;885;4658;3773;577
061079;154;52;63;269;206;-102
061001;211;118;76;405;329;-93
059031;569;503;215;1287;1072;-66
061010;1060;532;414;2006;1592;-528
061012;557;580;690;1827;1137;23
061032;1417;1374;384;3175;2791;-43
061068;350;492;220;1062;842;142
061073;316;158;123;597;474;-158
061085;1396;881;297;2574;2277;-515
061090;1830;635;539;3004;2465;-1195
062038;568;757;550;1875;1325;189
062039;322;202;122;646;524;-120
063076;2968;1963;1513;6444;4931;-1005
064065;1043;550;469;2062;1593;-493
064080;735;275;283;1293;1010;-460
066081;62;77;60;199;139;15
058108;15;14;42;71;29;-1
059003;100;68;57;225;168;-32
059018;11;11;678;700;22;0
059033;3;5;163;171;8;2
060001;48;1;14;63;49;-47
060017;49;18;24;91;67;-31
060050;224;65;78;367;289;-159
060061;47;2;16;65;49;-45
060066;267;82;58;407;349;-185
060067;449;58;97;604;507;-391
060072;157;13;36;206;170;-144
060077;51;9;10;70;60;-42
060091;43; ;23;43 23;43 ;-43
061003;677;371;461;1509;1048;-306
061009;776;582;509;1867;1358;-194
061020;1497;640;705;2842;2137;-857
061023;247;253;152;652;500;6
061024;158;166;80;404;324;8
061026;664;275;318;1257;939;-389
061028;850;290;396;1536;1140;-560
061030;66;88;30;184;154;22
061031;191;132;75;398;323;-59
061033;349;259;146;754;608;-90
061034;145;16;51;212;161;-129
061035;212;301;130;643;513;89
061038;71;2;30;103;73;-69
061041;490;196;260;946;686;-294
061045;188;35;56;279;223;-153
061051;468;329;253;1050;797;-139
061056;346;240;186;772;586;-106
061061;265;233;138;636;498;-32
061063;210;30;100;340;240;-180
061064;271;147;106;524;418;-124
061071;135;40;50;225;175;-95
061072;74;30;21;125;104;-44
061076;111;27;88;226;138;-84
061080;407;152;100;659;559;-255
061093;142;135;43;320;277;-7
061097;513;403;244;1160;916;-110
061101;453;506;300;1259;959;53
062002;479;291;221;991;770;-188
062005;412;247;132;791;659;-165
062009;269;173;87;529;442;-96
062010;375;155;186;716;530;-220
062013;179;76;72;327;255;-103
062014;289;111;189;589;400;-178
062015;190;76;147;413;266;-114
062018;196;21;66;283;217;-175
062019;422;184;206;812;606;-238
062021;350;100;147;597;450;-250
062022;619;281;180;1080;900;-338
062023;528;636;508;1672;1164;108
062027;455;265;263;983;720;-190
062028;239;224;316;779;463;-15
062029;466;291;328;1085;757;-175
062030;639;153;233;1025;792;-486
062032;285;180;77;542;465;-105
062033;131;113;81;325;244;-18
062034;297;122;178;597;419;-175
062035;300;210;147;657;510;-90
062040;700;265;347;1312;965;-435
062045;484;152;470;1106;636;-332
062048;396;556;199;1151;952;160
062049;234;114;131;479;348;-120
062051;55;25;56;136;80;-30
062055;237;180;127;544;417;-57
062057;217;225;891;1333;442;8
062058;1859;987;1120;3966;2846;-872
062061;402;163;170;735;565;-239
062062;287;145;214;646;432;-142
062063;134;44;48;226;178;-90
062067;974;197;192;1363;1171;-777
062068;600;900;464;1964;1500;300
062069;134;54;100;288;188;-80
062072;120;21;39;180;141;-99
062073;465;299;387;1151;764;-166
062074;1252;1677;982;3911;2929;425
062075;229;147;125;501;376;-82
062076;492;681;421;1594;1173;189
062077;472;242;233;947;714;-230
063003;794;229;1280;2303;1023;-565
063009;1755;745;740;3240;2500;-1010
063010;3121;1180;1119;5420;4301;-1941
063013;1162;428;303;1893;1590;-734
063015;622;200;132;954;822;-422
063016;3664;2087;1572;7323;5751;-1577
063018;737;358;172;1267;1095;-379
063028;1702;703;451;2856;2405;-999
063029;385;213;84;682;598;-172
063039;1004;274;467;1745;1278;-730
063040;292;188;115;595;480;-104
063042;1914;1404;400;3718;3318;-510
063046;1721;810;586;3117;2531;-911
063063;6501;2999;4729;14229;9500;-3502
063071;1909;1324;747;3980;3233;-585
063077;1549;580;388;2517;2129;-969
063081;1165;864;1177;3206;2029;-301
063085;875;211;192;1278;1086;-664
063086;3044;900;2929;6873;3944;-2144
063087;5937;2703;2164;10804;8640;-3234
063091;1872;562;467;2901;2434;-1310
063092;960;483;256;1699;1443;-477
064001;1137;319;219;1675;1456;-818
064010;903;529;319;1751;1432;-374
064017;389;113;422;924;502;-276
064019;196;87;105;388;283;-109
064025;1199;407;1116;2722;1606;-792
064031;357;173;159;689;530;-184
064032;302;1216;375;1893;1518;914
064033;431;236;247;914;667;-195
064043;631;505;340;1476;1136;-126
064046;726;1192;289;2207;1918;466
064052;399;99;428;926;498;-300
064053;624;302;288;1214;926;-322
064054;2908;1253;808;4969;4161;-1655
064057;788;562;1272;2622;1350;-226
064068;345;144;124;613;489;-201
064074;690;294;196;1180;984;-396
064076;483;80;71;634;563;-403
064083;840;422;371;1633;1262;-418
064084;563;339;202;1104;902;-224
064100;691;190;127;1008;881;-501
064101;785;2005;2843;5633;2790;1220
064104;563;190;255;1008;753;-373
064106;271;143;152;566;414;-128
064107;358;72;153;583;430;-286
064109;367;95;162;624;462;-272
064113;159;190;49;398;349;31
064118;264;38;151;453;302;-226
065002;2132;1682;4043;7857;3814;-450
065006;412;974;1243;2629;1386;562
065011;184;78;60;322;262;-106
065012;322;115;209;646;437;-207
065015;90;48;67;205;138;-42
065017;473;921;638;2032;1394;448
065018;334;198;276;808;532;-136
065020;278;257;137;672;535;-21
065021;266;299;828;1393;565;33
065025;1918;2539;4503;8960;4457;621
065026;150;53;77;280;203;-97
065029;170;121;239;530;291;-49
065030;164;77;162;403;241;-87
065031;664;660;1698;3022;1324;-4
065032;404;357;251;1012;761;-47
065035;303;76;213;592;379;-227
065039;323;440;667;1430;763;117
065040;354;142;196;692;496;-212
065043;456;273;433;1162;729;-183
065046;473;437;488;1398;910;-36
065050;3470;6288;7071;16829;9758;2818
065053;148;80;56;284;228;-68
065055;1148;303;421;1872;1451;-845
065056;1699;790;1455;3944;2489;-909
065062;82;26;46;154;108;-56
065065;81;50;36;167;131;-31
065066;687;707;948;2342;1394;20
065070;158;125;155;438;283;-33
065072;2964;1593;731;5288;4557;-1371
065073;2098;734;1269;4101;2832;-1364
065080;517;51;155;723;568;-466
065081;414;263;239;916;677;-151
065082;1228;226;502;1956;1454;-1002
065087;570;726;671;1967;1296;156
065088;4678;4058;4914;13650;8736;-620
065091;245;123;136;504;368;-122
065094;138;65;116;319;203;-73
065095;106;59;113;278;165;-47
065096;223;205;300;728;428;-18
065098;184;312;300;796;496;128
065100;176;1219;1136;2531;1395;1043
065101;292;77;199;568;369;-215
065102;328;312;332;972;640;-16
065104;252;472;547;1271;724;220
065106;677;878;1091;2646;1555;201
065108;1694;1075;801;3570;2769;-619
065113;37;1;32;70;38;-36
065119;278;226;370;874;504;-52
065120;434;187;494;1115;621;-247
065121;725;215;119;1059;940;-510
065125;338;244;133;715;582;-94
065128;47;36;58;141;83;-11
065134;448;895;1089;2432;1343;447
065136;593;442;625;1660;1035;-151
065140;465;337;448;1250;802;-128
065146;744;641;1163;2548;1385;-103
065147;374;191;178;743;565;-183
065148;192;52;80;324;244;-140
065151;643;279;435;1357;922;-364
065154;540;2372;1833;4745;2912;1832
065155;220;37;153;410;257;-183
065156;471;237;260;968;708;-234
065158;2380;2111;1409;5900;4491;-269
066003;143;51;94;288;194;-92
066004;35;75;43;153;110;40
066010;86;43;60;189;129;-43
066012;259;41;48;348;300;-218
066018;32;10;9;51;42;-22
066026;42;38;69;149;80;-4
066027;49;34;22;105;83;-15
066035;36;20;38;94;56;-16
066039;237;38;68;343;275;-199
066042;85;23;17;125;108;-62
066043;45;50;33;128;95;5
066047;93;48;42;183;141;-45
066048;505;48;86;639;553;-457
066055;66;15;14;95;81;-51
066058;85;131;69;285;216;46
066060;46;72;39;157;118;26
066061;55;18;41;114;73;-37
066070;134;90;199;423;224;-44
066076;190;31;38;259;221;-159
066079;140;36;29;205;176;-104
066083;22;7;19;48;29;-15
066090;113;30;13;156;143;-83
066091;15;32;16;63;47;17
066094;100;28;32;160;128;-72
066097;50;26;25;101;76;-24
066100;48;16;16;80;64;-32
066103;52;53;54;159;105;1
066104;9;3;4;16;12;-6
066107;64;53;85;202;117;-11
066108;163;30;53;246;193;-133
067023;141;59;142;342;200;-82
067027;190;130;95;415;320;-60
068013;226;70;109;405;296;-156
069017;863;968;807;2638;1831;105
069040;237;36;85;358;273;-201
069045;256;43;72;371;299;-213
069060;216;134;127;477;350;-82
069088;43;30;39;112;73;-13
069093;120;1;35;156;121;-119
069098;298;97;179;574;395;-201
070002;553;192;260;1005;745;-361
070003;869;751;1289;2909;1620;-118
070005;235;57;102;394;292;-178
070008;638;185;152;975;823;-453
070017;484;150;487;1121;634;-334
070020;136;90;65;291;226;-46
070023;918;196;147;1261;1114;-722
070024;189;34;136;359;223;-155
070026;131;49;61;241;180;-82
070028;140;347;67;554;487;207
070043;192;39;144;375;231;-153
070049;468;54;85;607;522;-414
070059;760;1003;298;2061;1763;243
070067;194;63;71;328;257;-131
070073;60;6;24;90;66;-54
070075;247;54;226;527;301;-193
070076;243;102;128;473;345;-141
070080;273;96;74;443;369;-177
070081;462;196;772;1430;658;-266
071009;329;354;419;1102;683;25
071010;1117;455;609;2181;1572;-662
071015;317;103;272;692;420;-214
071020;2309;2535;13743;18587;4844;226
071023;74;27;77;178;101;-47
071033;1146;724;1852;3722;1870;-422
071036;1885;848;2914;5647;2733;-1037
071044;118;44;109;271;162;-74
071048;115;11;78;204;126;-104
071050;481;329;906;1716;810;-152
071052;275;85;274;634;360;-190
071054;570;619;1061;2250;1189;49
072016;2617;965;2049;5631;3582;-1652
072025;1804;1342;2658;5804;3146;-462
072027;6246;16776;5008;28030;23022;10530
072035;2348;2033;3420;7801;4381;-315
072036;2940;2344;5569;10853;5284;-596
072043;3579;1020;4380;8979;4599;-2559
072048;4492;1374;1218;7084;5866;-3118
073004;2299;766;1392;4457;3065;-1533
073013;3915;2970;10535;17420;6885;-945
073027;5289;30686;45115;81090;35975;25397
074001;3267;14640;19970;37877;17907;11373
074004;867;526;710;2103;1393;-341
074005;1563;646;1830;4039;2209;-917
074012;2679;2664;6027;11370;5343;-15
076004;240;79;198;517;319;-161
076007;2162;649;1251;4062;2811;-1513
076013;579;253;576;1408;832;-326
076029;268;208;430;906;476;-60
076036;561;249;933;1743;810;-312
076040;415;200;566;1181;615;-215
076042;853;977;2412;4242;1830;124
076043;1741;469;2198;4408;2210;-1272
076045;579;229;455;1263;808;-350
076048;551;10865;5217;16633;11416;10314
076057;612;199;734;1545;811;-413
076060;722;479;405;1606;1201;-243
076062;1901;336;440;2677;2237;-1565
076064;917;129;379;1425;1046;-788
076066;1914;804;2188;4906;2718;-1110
076075;62;14;96;172;76;-48
076076;368;68;296;732;436;-300
076080;460;343;1091;1894;803;-117
076085;433;458;1258;2149;891;25
076096;473;79;276;828;552;-394
076097;284;179;357;820;463;-105
076098;288;1473;785;2546;1761;1185
077013;478;190;654;1322;668;-288
077014;2533;8248;18029;28810;10781;5715
077021;1373;1731;3775;6879;3104;358
077022;568;161;422;1151;729;-407
078010;1095;1003;2784;4882;2098;-92
078019;250;113;242;605;363;-137
078029;979;1110;2978;5067;2089;131
078051;322;140;370;832;462;-182
078079;2280;446;507;3233;2726;-1834
078081;3659;2412;2461;8532;6071;-1247
078102;4989;11172;6019;22180;16161;6183
078105;818;356;621;1795;1174;-462
078143;716;670;581;1967;1386;-46
078156;2036;421;660;3117;2457;-1615
079017;281;765;176;1222;1046;484
079020;192;33;118;343;225;-159
079036;673;400;584;1657;1073;-273
079042;850;519;650;2019;1369;-331
080028;744;806;1726;3276;1550;62
080038;1237;2698;3388;7323;3935;1461
080061;960;1037;1790;3787;1997;77
080063;4308;8912;42712;55932;13220;4604
080088;1201;1179;3219;5599;2380;-22
080096;1750;1485;1607;4842;3235;-265
081005;1008;1386;2871;5265;2394;378
081022;1929;684;1208;3821;2613;-1245
082004;1533;3357;687;5577;4890;1824
082010;336;158;616;1110;494;-178
082020;2108;733;763;3604;2841;-1375
082023;1710;681;1126;3517;2391;-1029
082070;1588;2753;4531;8872;4341;1165
083064;910;1381;690;2981;2291;471
083076;1307;333;456;2096;1640;-974
083084;911;1330;2358;4599;2241;419
083091;350;276;769;1395;626;-74
083097;852;2808;2254;5914;3660;1956
083105;1419;922;758;3099;2341;-497
087002;4460;2032;985;7477;6492;-2428
087004;5977;4942;7922;18841;10919;-1035
087024;7858;2037;1662;11557;9895;-5821
087050;2668;908;729;4305;3576;-1760
087051;5379;2543;807;8729;7922;-2836
088006;2819;2890;13978;19687;5709;71
088009;2065;7558;21331;30954;9623;5493
088011;1669;898;5720;8287;2567;-771
089002;2757;736;4451;7944;3493;-2021
089009;2860;897;2558;6315;3757;-1963
089011;2027;3627;2723;8377;5654;1600
090006;600;2385;3641;6626;2985;1785
090035;411; ;2644;411 2644;411 ;-411
090069;2738;747;1278;4763;3485;-1991
090078;263;151;405;819;414;-112
090079;466;393;692;1551;859;-73
090092;463;777;1052;2292;1240;314
092003;6266;3980;2389;12635;10246;-2286
092009;11596;51260;35129;97985;62856;39664
092011;5246;1430;2247;8923;6676;-3816
092051;14663;5429;7149;27241;20092;-9234
092068;8016;3451;1819;13286;11467;-4565
094001;79;11;36;126;90;-68
094003;51;56;106;213;107;5
094004;139;5;40;184;144;-134
094005;141;116;65;322;257;-25
094006;95;82;122;299;177;-13
094007;254;119;135;508;373;-135
094008;203;117;65;385;320;-86
094009;31;59;32;122;90;28
094010;303;142;139;584;445;-161
094012;74;21;31;126;95;-53
094013;14;2;12;28;16;-12
094014;209;30;91;330;239;-179
094015;38;1;13;52;39;-37
094016;135;38;83;256;173;-97
094017;246;250;144;640;496;4
094019;106;117;55;278;223;11
094021;388;107;179;674;495;-281
094022;290;253;501;1044;543;-37
094024;115;32;44;191;147;-83
094025;268;173;55;496;441;-95
094026;242;69;190;501;311;-173
094027;203;145;57;405;348;-58
094028;478;399;257;1134;877;-79
094029;65;2;60;127;67;-63
094030;412;183;135;730;595;-229
094031;420;117;87;624;537;-303
094032;169;53;64;286;222;-116
094033;29;23;22;74;52;-6
094035;110;8;43;161;118;-102
094037;58;21;44;123;79;-37
094038;397;1676;294;2367;2073;1279
094039;163;20;75;258;183;-143
094040;137;27;67;231;164;-110
094041;94;17;44;155;111;-77
094042;178;86;92;356;264;-92
094043;58;17;40;115;75;-41
094044;298;109;94;501;407;-189
094045;119;52;36;207;171;-67
094046;46;16;25;87;62;-30
094047;23;62;16;101;85;39
094048;94;38;35;167;132;-56
094049;90;214;62;366;304;124
094050;373;202;171;746;575;-171
094051;109;40;64;213;149;-69
101013;819;487;2587;3893;1306;-332
101018;344;169;468;981;513;-175
101019;467;400;791;1658;867;-67
110001;4771;5923;24210;34904;10694;1152
110002;3841;4405;23355;31601;8246;564
110003;5719;2557;10714;18990;8276;-3162
110006;628;357;1571;2556;985;-271
110007;931;801;2924;4656;1732;-130
110008;602;180;1012;1794;782;-422
110009;4592;3568;10970;19130;8160;-1024
071011;79;14;95;188;93;-65
062004;514;158;162;834;672;-356
063090;2090;1481;1070;4641;3571;-609
064072;358;235;187;780;593;-123
070041;213;110;59;382;323;-103
064059;967;652;542;2161;1619;-315
065110;64;19;24;107;83;-45
062006;158;18;34;210;176;-140
062044;382;462;861;1705;844;80
071038;120;238;822;1180;358;118
062011;189;51;182;422;240;-138
064036;558;188;308;1054;746;-370
062031;180;39;169;388;219;-141
062047;343;37;131;511;380;-306
064056;273;169;73;515;442;-104
064099;1108;510;839;2457;1618;-598
070057;724;199;677;1600;923;-525
094018;28;1;8;37;29;-27
072019;3038;2566;5589;11193;5604;-472
064078;422;148;157;727;570;-274
070070;150;90;76;316;240;-60
076068;353;66;296;715;419;-287
062050;264;105;224;593;369;-159
062056;154;122;139;415;276;-32
069015;1188;492;691;2371;1680;-696
069034;50;4;14;68;54;-46
069076;222;22;127;371;244;-200
070054;23;22;24;69;45;-1
078011;287;188;365;840;475;-99
062007;186;33;283;502;219;-153
062012;610;317;187;1114;927;-293
062052;433;310;361;1104;743;-123
063014;277;1448;2172;3897;1725;1171
063019;1160;532;980;2672;1692;-628
064006;2187;2082;1054;5323;4269;-105
064015;294;261;801;1356;555;-33
064035;684;503;342;1529;1187;-181
064041;230;403;341;974;633;173
064044;785;571;910;2266;1356;-214
064064;230;101;151;482;331;-129
064067;483;237;175;895;720;-246
064075;736;2102;390;3228;2838;1366
064093;260;46;78;384;306;-214
064098;138;25;61;224;163;-113
065060;229;224;79;532;453;-5
065117;73;4;29;106;77;-69
075014;1830;799;1482;4111;2629;-1031
076044;292;400;852;1544;692;108
076050;373;355;582;1310;728;-18
078123;574;979;1333;2886;1553;405
078138;609;904;2043;3556;1513;295
063022;649;266;214;1129;915;-383
075007;907;354;276;1537;1261;-553
062064;290;341;574;1205;631;51
063047;1510;612;1042;3164;2122;-898
064021;190;45;70;305;235;-145
064095;493;225;158;876;718;-268
064108;200;81;130;411;281;-119
070014;54;16;27;97;70;-38
075030;1810;1241;2324;5375;3051;-569
075034;787;310;497;1594;1097;-477
075035;5274;29403;23869;58546;34677;24129
075049;537;155;243;935;692;-382
075089;786;358;584;1728;1144;-428
063078;456;240;360;1056;696;-216
064011;427;119;578;1124;546;-308
064018;601;142;102;845;743;-459
064028;391;192;166;749;583;-199
064038;1033;1196;1350;3579;2229;163
064117;169;26;55;250;195;-143
065036;300;112;125;537;412;-188
075059;1405;797;1107;3309;2202;-608
076039;403;688;1193;2284;1091;285
094034;100;142;32;274;242;42
064003;196;72;209;477;268;-124
078101;483;623;1074;2180;1106;140
071059;347;423;1329;2099;770;76
062020;76;8;100;184;84;-68
062041;183;104;200;487;287;-79
062046;279;67;220;566;346;-212
062059;252;145;522;919;397;-107
062066;220;21;43;284;241;-199
062078;55;28;32;115;83;-27
064002;594;178;359;1131;772;-416
064009;440;137;354;931;577;-303
064012;385;45;205;635;430;-340
064023;339;98;146;583;437;-241
064034;1011;300;399;1710;1311;-711
064040;234;73;142;449;307;-161
064051;44;17;24;85;61;-27
064055;504;841;138;1483;1345;337
064063;107;1118;179;1404;1225;1011
064066;515;926;515;1956;1441;411
064079;141;123;76;340;264;-18
064085;180;69;41;290;249;-111
064086;393;131;79;603;524;-262
064088;284;120;112;516;404;-164
065009;622;402;769;1793;1024;-220
065071;314;105;249;668;419;-209
065093;106;64;65;235;170;-42
065118;1404;611;637;2652;2015;-793
065129;428;368;290;1086;796;-60
065138;322;56;155;533;378;-266
070015;130;43;120;293;173;-87
070037;197;57;94;348;254;-140
072046;6040;2715;2385;11140;8755;-3325
075039;1600;5160;2384;9144;6760;3560
075048;2352;986;1376;4714;3338;-1366
075052;2685;2842;6053;11580;5527;157
075068;1905;1131;558;3594;3036;-774
075090;1051;1882;1985;4918;2933;831
076071;689;107;309;1105;796;-582
076077;71;23;84;178;94;-48
078025;396;293;1372;2061;689;-103
078045;5439;18383;12244;36066;23822;12944
078048;415;578;776;1769;993;163
079039;905;625;882;2412;1530;-280
094011;21;25;11;57;46;4
062065;288;62;61;411;350;-226
064026;708;177;173;1058;885;-531
064087;252;28;130;410;280;-224
064030;179;177;172;528;356;-2
065042;147;391;126;664;538;244
065058;247;65;103;415;312;-182
065112;134;62;70;266;196;-72
078015;492;609;1598;2699;1101;117
073019;1940;814;2618;5372;2754;-1126
062042;107;61;209;377;168;-46
070007;86;532;66;684;618;446
078084;195;205;474;874;400;10
064058;377;152;237;766;529;-225
065010;301;866;364;1531;1167;565
065123;117;72;81;270;189;-45
065143;376;284;390;1050;660;-92
075019;674;431;515;1620;1105;-243
078125;198;253;291;742;451;55
078149;592;315;704;1611;907;-277
073007;2009;1812;4315;8136;3821;-197
074002;1940;935;2824;5699;2875;-1005
070046;844;662;1079;2585;1506;-182
070069;701;314;524;1539;1015;-387
069020;199;89;205;493;288;-110
075031;1953;2311;3266;7530;4264;358
064027;87;60;34;181;147;-27
062017;159;35;201;395;194;-124
065041;269;196;268;733;465;-73
064114;311;368;367;1046;679;57
073012;2707;1952;4815;9474;4659;-755
074008;3412;2096;6729;12237;5508;-1316
076002;208;182;386;776;390;-26
076014;144;65;110;319;209;-79
064016;278;34;59;371;312;-244
069092;375;95;147;617;470;-280
064115;213;51;135;399;264;-162
069087;584;267;367;1218;851;-317
070009;125;39;78;242;164;-86
070030;261;75;178;514;336;-186
064037;71;33;48;152;104;-38
064096;116;70;108;294;186;-46
070011;201;178;278;657;379;-23
064013;34;27;28;89;61;-7
064022;224;77;82;383;301;-147
079089;81;53;90;224;134;-28
079131;774;788;260;1822;1562;14
064081;150;42;49;241;192;-108
064048;288;86;161;535;374;-202
064020;193;90;167;450;283;-103
064110;237;135;98;470;372;-102
064116;419;368;276;1063;787;-51
064042;264;54;135;453;318;-210
062016;57;25;170;252;82;-32
062024;269;117;337;723;386;-152
062036;43;16;55;114;59;-27
064004;199;30;166;395;229;-169
064045;189;346;99;634;535;157
064069;145;178;36;359;323;33
064071;35;3;13;51;38;-32
064082;203;55;66;324;258;-148
064102;133;154;35;322;287;21
064111;65;62;29;156;127;-3
064120;142;96;131;369;238;-46
065051;145;56;122;323;201;-89
070016;141;110;79;330;251;-31
070018;112;17;44;173;129;-95
070034;68; ;28;68 28;68 ;-68
070052;173;36;75;284;209;-137
070074;145;39;226;410;184;-106
071061;39;70;32;141;109;31
072020;3748;2550;10390;16688;6298;-1198
075079;2016;534;1493;4043;2550;-1482
071006;301;108;364;773;409;-193
070082;96;30;77;203;126;-66
070012;70;13;34;117;83;-57
070019;33;20;23;76;53;-13
070025;160;81;135;376;241;-79
065064;194;78;50;322;272;-116
070022;36;29;32;97;65;-7
070071;88;141;38;267;229;53
074015;1375;389;1189;2953;1764;-986
070083;390;84;280;754;474;-306
071018;103;97;159;359;200;-6
071062;205;172;193;570;377;-33
072010;2850;780;1106;4736;3630;-2070
076059;1004;291;609;1904;1295;-713
065059;158;62;43;263;220;-96
065044;128;139;71;338;267;11
065068;482;322;330;1134;804;-160
064014;271;102;199;572;373;-169
065127;337;304;359;1000;641;-33
076021;88;38;102;228;126;-50
065103;209;247;90;546;456;38
065063;143;36;149;328;179;-107
065152;236;38;138;412;274;-198
069041;313;960;428;1701;1273;647
078033;1102;2043;4245;7390;3145;941
065126;271;51;143;465;322;-220
076012;638;266;636;1540;904;-372
076069;156;57;172;385;213;-99
065033;70;19;39;128;89;-51
065141;191;167;99;457;358;-24
071063;439;253;382;1074;692;-186
076079;190;569;167;926;759;379
074010;3066;1811;4445;9322;4877;-1255
077002;77;63;114;254;140;-14
077020;1413;1202;2812;5427;2615;-211
064089;188;40;121;349;228;-148
064112;159;84;45;288;243;-75
065001;217;88;480;785;305;-129
065004;69;12;71;152;81;-57
065008;161;119;158;438;280;-42
065023;34;6;25;65;40;-28
065027;143;20;119;282;163;-123
065038;183;90;124;397;273;-93
065045;105;167;88;360;272;62
065049;107;51;33;191;158;-56
065054;127;266;126;519;393;139
065057;122;69;102;293;191;-53
065074;72;60;36;168;132;-12
065083;380;785;713;1878;1165;405
065084;280;249;139;668;529;-31
065085;106;74;83;263;180;-32
065092;123;56;77;256;179;-67
065107;126;66;156;348;192;-60
065133;257;49;322;628;306;-208
065139;44;16;21;81;60;-28
065144;103;48;59;210;151;-55
065145;80;150;73;303;230;70
065149;160;124;210;494;284;-36
070001;77;12;65;154;89;-65
070036;189;73;100;362;262;-116
071001;272;190;297;759;462;-82
071035;397;163;272;832;560;-234
071042;289;43;208;540;332;-246
074007;3034;2046;9584;14664;5080;-988
074017;2375;681;2512;5568;3056;-1694
075026;1447;744;925;3116;2191;-703
076010;418;285;301;1004;703;-133
076022;228;106;255;589;334;-122
076056;447;190;592;1229;637;-257
076065;128;97;131;356;225;-31
076081;268;110;157;535;378;-158
076083;420;174;256;850;594;-246
076088;91;25;159;275;116;-66
076089;1150;2403;1017;4570;3553;1253
076091;531;387;365;1283;918;-144
076092;220;108;298;626;328;-112
076094;392;220;146;758;612;-172
076095;1109;562;2246;3917;1671;-547
076100;532;180;317;1029;712;-352
078060;195;159;322;676;354;-36
078091;1150;1660;2624;5434;2810;510
078116;473;205;197;875;678;-268
078132;432;285;614;1331;717;-147
078157;2001;2801;19191;23993;4802;800
079142;631;438;325;1394;1069;-193
070042;167;38;103;308;205;-129
072012;2981;1646;963;5590;4627;-1335
069026;64;28;21;113;92;-36
071022;561;109;502;1172;670;-452
076008;157;782;303;1242;939;625
074020;1644;295;1015;2954;1939;-1349
078083;431;145;421;997;576;-286
082007;552;294;726;1572;846;-258
110010;1120;653;2325;4098;1773;-467
078117;137;172;128;437;309;35
072039;1152;475;660;2287;1627;-677
076006;625;473;508;1606;1098;-152
064060;101;18;80;199;119;-83
071016;201;31;127;359;232;-170
071032;124;34;140;298;158;-90
071037;72;34;130;236;106;-38
072028;3309;1311;3540;8160;4620;-1998
070032;112;28;107;247;140;-84
070038;535;96;120;751;631;-439
070040;66;20;41;127;86;-46
070066;83;58;38;179;141;-25
075036;1865;1018;789;3672;2883;-847
075040;1094;800;1292;3186;1894;-294
076058;250;98;253;601;348;-152
076070;267;197;509;973;464;-70
078119;1023;290;3111;4424;1313;-733
079008;299;230;375;904;529;-69
076046;790;740;1024;2554;1530;-50
076053;553;141;714;1408;694;-412
065131;60;17;32;109;77;-43
076032;517;133;313;963;650;-384
076072;140;35;97;272;175;-105
078037;640;176;175;991;816;-464
076090;554;70;302;926;624;-484
071005;729;590;1058;2377;1319;-139
072041;2616;1222;5429;9267;3838;-1394
070027;143;57;89;289;200;-86
077017;1233;292;1267;2792;1525;-941
065115;336;131;123;590;467;-205
072014;3642;2245;1171;7058;5887;-1397
072040;1796;529;1069;3394;2325;-1267
076067;362;76;134;572;438;-286
076037;221;548;227;996;769;327
078142;599;618;911;2128;1217;19
076041;200;128;218;546;328;-72
075038;2944;606;813;4363;3550;-2338
065109;90;72;130;292;162;-18
072003;1310;985;2138;4433;2295;-325
076078;156;47;217;420;203;-109
065024;160;31;67;258;191;-129
065061;144;32;187;363;176;-112
065069;332;51;142;525;383;-281
065077;62;51;50;163;113;-11
065105;143;12;87;242;155;-131
065153;28;34;22;84;62;6
075013;466;239;154;859;705;-227
075028;550;678;588;1816;1228;128
075055;1217;588;746;2551;1805;-629
078040;666;349;1305;2320;1015;-317
065048;65;50;55;170;115;-15
065086;71;43;55;169;114;-28
065111;64;47;53;164;111;-17
076005;68;29;74;171;97;-39
076018;175;35;121;331;210;-140
076082;129;23;79;231;152;-106
076084;202;57;81;340;259;-145
076086;176;32;145;353;208;-144
077003;1054;703;2092;3849;1757;-351
077028;471;252;889;1612;723;-219
065124;63;10;41;114;73;-53
073008;4039;3144;4772;11955;7183;-895
073020;1446;464;752;2662;1910;-982
075092;1519;674;1959;4152;2193;-845
075097;660;1409;1008;3077;2069;749
076023;88;72;70;230;160;-16
078017;1000;935;1493;3428;1935;-65
073003;1870;2484;2911;7265;4354;614
076028;178;174;254;606;352;-4
076061;141;31;129;301;172;-110
078063;166;73;237;476;239;-93
065150;42;21;40;103;63;-21
075020;3367;1967;898;6232;5334;-1400
073009;1929;1236;2603;5768;3165;-693
078097;333;46;58;437;379;-287
080004;200;119;148;467;319;-81
072024;2174;888;1383;4445;3062;-1286
073015;3819;2144;5495;11458;5963;-1675
075023;870;626;695;2191;1496;-244
078021;162;138;187;487;300;-24
102013;218;134;115;467;352;-84
077009;134;134;141;409;268;0
076019;37;10;70;117;47;-27
078056;371;218;313;902;589;-153
078148;652;460;488;1600;1112;-192
078031;2228;893;516;3637;3121;-1335
076011;540;256;257;1053;796;-284
078067;262;171;225;658;433;-91
078104;766;477;766;2009;1243;-289
076054;238;81;144;463;319;-157
077026;125;37;161;323;162;-88
110005;1107;690;1716;3513;1797;-417
078096;105;15;44;164;120;-90
073016;1210;293;316;1819;1503;-917
076001;200;75;151;426;275;-125
076025;140;9;155;304;149;-131
076073;220;9;90;319;229;-211
073029;2328;1052;887;4267;3380;-1276
078055;328;136;308;772;464;-192
076030;138;64;155;357;202;-74
077018;852;349;984;2185;1201;-503
069065;380;174;106;660;554;-206
075027;470;223;218;911;693;-247
075051;808;468;507;1783;1276;-340
075098;827;635;1256;2718;1462;-192
076003;291;35;148;474;326;-256
077008;875;585;1416;2876;1460;-290
078003;1402;644;3422;5468;2046;-758
078058;915;236;801;1952;1151;-679
078075;341;942;208;1491;1283;601
079072;385;542;274;1201;927;157
078005;70;17;65;152;87;-53
078088;139;61;127;327;200;-78
078002;221;173;173;567;394;-48
078150;627;675;1493;2795;1302;48
075095;351;367;196;914;718;16
078082;193;42;165;400;235;-151
078107;217;191;239;647;408;-26
076034;341;184;676;1201;525;-157
077029;368;422;844;1634;790;54
078154;602;526;691;1819;1128;-76
075058;280;73;101;454;353;-207
075083;3174;1991;1466;6631;5165;-1183
069011;109;19;24;152;128;-90
074003;1955;722;3107;5784;2677;-1233
069001;831;278;226;1335;1109;-553
076015;164;57;306;527;221;-107
069039;55;27;20;102;82;-28
069075;250;137;69;456;387;-113
066024;16;2;5;23;18;-14
066030;21;2;11;34;23;-19
066040;30;1;13;44;31;-29
068008;106;39;53;198;145;-67
068014;267;306;146;719;573;39
068029;106;16;24;146;122;-90
068037;38;21;36;95;59;-17
069002;501;79;137;717;580;-422
069070;142;74;42;258;216;-68
069102;157;189;149;495;346;32
068001;72;25;20;117;97;-47
068036;55; ;12;55 12;55 ;-55
066014;23;24;16;63;47;1
066086;15;6;3;24;21;-9
068004;45;18;14;77;63;-27
068034;179;27;53;259;206;-152
068045;73;48;21;142;121;-25
068046;100;35;40;175;135;-65
069013;243;95;117;455;338;-148
069028;1165;376;394;1935;1541;-789
069054;104;38;68;210;142;-66
069067;153;187;91;431;340;34
069068;491;184;166;841;675;-307
069071;252;123;95;470;375;-129
069101;367;338;257;962;705;-29
068016;30;7;12;49;37;-23
069062;159;142;101;402;301;-17
075063;1403;1092;1533;4028;2495;-311
069023;56;1;20;77;57;-55
069104;18;45;8;71;63;27
069024;172;27;32;231;199;-145
069051;128;12;82;222;140;-116
068040;116;31;33;180;147;-85
069032;195;256;65;516;451;61
071043;234;426;518;1178;660;192
069004;203;310;136;649;513;107
069095;189;23;113;325;212;-166
069055;548;184;161;893;732;-364
069100;191;40;70;301;231;-151
069082;191;160;60;411;351;-31
069096;527;358;108;993;885;-169
072047;2237;1817;1746;5800;4054;-420
069003;221;63;111;395;284;-158
069006;149;54;52;255;203;-95
069064;78;25;23;126;103;-53
071040;246;160;269;675;406;-86
071021;210;79;188;477;289;-131
071064;265;196;585;1046;461;-69
069007;42;20;41;103;62;-22
069009;8;1;3;12;9;-7
069014;143;22;56;221;165;-121
069019;57;6;16;79;63;-51
069029;69;36;12;117;105;-33
069038;152;70;64;286;222;-82
069047;127;62;49;238;189;-65
069048;74;14;11;99;88;-60
069049;113;16;42;171;129;-97
069053;12;3;4;19;15;-9
069061;145;21;54;220;166;-124
069063;40;2;11;53;42;-38
069079;167;20;52;239;187;-147
069097;68;16;14;98;84;-52
070029;867;239;585;1691;1106;-628
070047;42;31;38;111;73;-11
070050;245;136;133;514;381;-109
070055;451;78;181;710;529;-373
070060;90;23;54;167;113;-67
070061;154;62;136;352;216;-92
071014;193;85;232;510;278;-108
071026;13;4;118;135;17;-9
069036;126;261;92;479;387;135
076035;93;20;107;220;113;-73
069012;91;100;51;242;191;9
069025;34;5;5;44;39;-29
069044;63;22;18;103;85;-41
069052;18;1;6;25;19;-17
069077;7;9;7;23;16;2
069078;17;34;11;62;51;17
069103;30;6;5;41;36;-24
070004;135;84;146;365;219;-51
070021;210;56;237;503;266;-154
070033;67;57;76;200;124;-10
070045;54;10;15;79;64;-44
070058;58;23;61;142;81;-35
070062;90;15;72;177;105;-75
070064;81;17;47;145;98;-64
070068;138;27;116;281;165;-111
070077;78;28;42;148;106;-50
071008;470;140;1063;1673;610;-330
070048;67;18;69;154;85;-49
069080;20;2;7;29;22;-18
077024;325;123;341;789;448;-202
074018;787;313;562;1662;1100;-474
071012;236;154;736;1126;390;-82
070056;18;8;12;38;26;-10
070063;17;5;11;33;22;-12
070079;101;45;109;255;146;-56
070035;51;16;44;111;67;-35
070044;40;26;28;94;66;-14
070039;24;18;10;52;42;-6
071034;105;34;66;205;139;-71
078036;273;130;278;681;403;-143
071039;291;136;400;827;427;-155
071017;136;181;200;517;317;45
071025;274;339;738;1351;613;65
071041;215;113;252;580;328;-102
072018;1824;393;261;2478;2217;-1431
071002;97;63;116;276;160;-34
071055;832;266;697;1795;1098;-566
076033;179;69;300;548;248;-110
076051;206;62;139;407;268;-144
071013;132;172;211;515;304;40
073010;2119;604;386;3109;2723;-1515
076009;197;133;126;456;330;-64
072001;2401;2976;3785;9162;5377;575
072034;169;68;195;432;237;-101
073002;1536;366;435;2337;1902;-1170
073017;652;298;248;1198;950;-354
073021;2611;987;2178;5776;3598;-1624
073022;1802;762;1155;3719;2564;-1040
073024;2802;1382;1169;5353;4184;-1420
075010;1252;560;622;2434;1812;-692
075011;1576;747;1162;3485;2323;-829
075029;3063;2236;4571;9870;5299;-827
075043;1267;1061;1381;3709;2328;-206
075061;897;712;776;2385;1609;-185
075072;445;404;357;1206;849;-41
075073;1149;452;692;2293;1601;-697
072008;568;212;99;879;780;-356
072037;2256;3181;3761;9198;5437;925
073005;631;855;258;1744;1486;224
073006;814;400;455;1669;1214;-414
073011;1423;305;1019;2747;1728;-1118
073014;676;621;631;1928;1297;-55
073018;461;172;113;746;633;-289
073025;1569;543;992;3104;2112;-1026
073026;1664;1032;1990;4686;2696;-632
074013;991;446;709;2146;1437;-545
074016;1858;2482;1739;6079;4340;624
075008;309;99;131;539;408;-210
075042;1391;1017;1531;3939;2408;-374
074011;2021;763;1886;4670;2784;-1258
075016;1700;3919;4267;9886;5619;2219
075076;991;986;479;2456;1977;-5
073028;515;448;512;1475;963;-67
074006;1196;277;1067;2540;1473;-919
074009;1996;660;1995;4651;2656;-1336
074014;713;270;929;1912;983;-443
074019;1432;461;1309;3202;1893;-971
075003;973;455;537;1965;1428;-518
075006;1167;510;1195;2872;1677;-657
075022;2856;1506;3345;7707;4362;-1350
075044;845;520;916;2281;1365;-325
075071;737;198;209;1144;935;-539
075087;2308;852;1524;4684;3160;-1456
076017;116;17;83;216;133;-99
077011;699;174;630;1503;873;-525
077012;279;106;268;653;385;-173
077015;347;202;302;851;549;-145
077016;805;268;867;1940;1073;-537
077030;154;59;169;382;213;-95
077031;650;991;1455;3096;1641;341
078103;285;274;569;1128;559;-11
078122;678;295;666;1639;973;-383
073001;606;484;885;1975;1090;-122
073023;365;93;109;567;458;-272
075002;769;691;787;2247;1460;-78
075004;929;510;696;2135;1439;-419
075005;856;292;350;1498;1148;-564
075009;459;219;235;913;678;-240
075012;230;120;163;513;350;-110
075015;615;264;339;1218;879;-351
075017;548;167;257;972;715;-381
075018;633;268;368;1269;901;-365
075021;889;474;625;1988;1363;-415
075024;704;313;617;1634;1017;-391
075025;717;248;348;1313;965;-469
075032;207;182;95;484;389;-25
075037;1554;719;2073;4346;2273;-835
075041;320;139;120;579;459;-181
075045;366;709;247;1322;1075;343
075046;559;335;285;1179;894;-224
075047;493;382;378;1253;875;-111
075050;329;271;329;929;600;-58
075053;749;130;473;1352;879;-619
075054;361;246;169;776;607;-115
075056;430;87;174;691;517;-343
075057;565;1488;1059;3112;2053;923
075060;245;184;154;583;429;-61
075064;996;813;1482;3291;1809;-183
075065;1194;538;797;2529;1732;-656
075066;464;547;509;1520;1011;83
075067;338;92;76;506;430;-246
075069;1118;329;439;1886;1447;-789
075070;843;480;563;1886;1323;-363
075074;301;321;167;789;622;20
075075;805;258;340;1403;1063;-547
075077;626;674;642;1942;1300;48
075078;622;222;325;1169;844;-400
075080;407;298;150;855;705;-109
075081;570;460;551;1581;1030;-110
075082;270;625;178;1073;895;355
075085;1297;876;1742;3915;2173;-421
075086;503;186;288;977;689;-317
075088;1728;2085;3328;7141;3813;357
075091;578;259;514;1351;837;-319
075093;1229;555;595;2379;1784;-674
075094;339;460;168;967;799;121
075096;315;274;261;850;589;-41
076024;105;23;112;240;128;-82
076093;103;42;52;197;145;-61
077006;117;55;138;310;172;-62
077019;36;12;32;80;48;-24
077027;271;162;640;1073;433;-109
078047;1233;242;1292;2767;1475;-991
078100;52;28;135;215;80;-24
102047;1384;5866;6806;14056;7250;4482
102003;514;229;314;1057;743;-285
077007;62;49;75;186;111;-13
077023;178;405;445;1028;583;227
102034;396;129;294;819;525;-267
078087;180;27;253;460;207;-153
077004;120;38;51;209;158;-82
080067;632;598;899;2129;1230;-34
080092;247;165;407;819;412;-82
076055;60;72;100;232;132;12
078070;1360;668;953;2981;2028;-692
078114;280;273;518;1071;553;-7
078024;70;14;69;153;84;-56
076049;44;15;65;124;59;-29
076052;145;24;145;314;169;-121
078032;19;9;45;73;28;-10
078057;260;167;166;593;427;-93
078076;862;143;170;1175;1005;-719
078086;33;10;38;81;43;-23
078112;194;40;111;345;234;-154
078115;105;26;95;226;131;-79
078118;235;103;120;458;338;-132
080046;142;109;177;428;251;-33
101017;503;308;1643;2454;811;-195
075033;307;88;192;587;395;-219
101009;277;405;1119;1801;682;128
078135;419;119;136;674;538;-300
078068;258;110;381;749;368;-148
076038;57;107;88;252;164;50
076074;84;48;122;254;132;-36
076099;148;71;54;273;219;-77
076031;56;69;72;197;125;13
076087;61;26;58;145;87;-35
077025;85;31;126;242;116;-54
076027;61;8;61;130;69;-53
078064;94;41;73;208;135;-53
078071;155;29;66;250;184;-126
076016;26;28;41;95;54;2
076026;83;43;90;216;126;-40
077001;182;43;238;463;225;-139
077010;79;42;151;272;121;-37
076047;240;45;172;457;285;-195
078155;614;591;222;1427;1205;-23
078009;396;271;558;1225;667;-125
078020;251;52;181;484;303;-199
078038;159;14;31;204;173;-145
078043;128;40;118;286;168;-88
078092;59;7;66;132;66;-52
078106;798;345;344;1487;1143;-453
078131;93;18;180;291;111;-75
078136;262;117;481;860;379;-145
078153;196;33;256;485;229;-163
079068;149;31;105;285;180;-118
079096;456;268;274;998;724;-188
083017;219;189;376;784;408;-30
083090;198;29;130;357;227;-169
079114;483;118;430;1031;601;-365
076020;17;19;23;59;36;2
078077;798;151;139;1088;949;-647
078124;155;58;79;292;213;-97
078133;256;180;328;764;436;-76
078134;414;159;98;671;573;-255
080097;492;654;495;1641;1146;162
078012;365;172;212;749;537;-193
078041;104;32;88;224;136;-72
078006;150;57;90;297;207;-93
078127;677;271;276;1224;948;-406
078130;109;121;133;363;230;12
078128;194;111;216;521;305;-83
101025;544;235;942;1721;779;-309
078098;248;45;79;372;293;-203
077005;26;34;43;103;60;8
078007;26;11;44;81;37;-15
078152;167;33;98;298;200;-134
078054;242;59;162;463;301;-183
078069;237;134;240;611;371;-103
078111;118;30;79;227;148;-88
078052;213;84;133;430;297;-129
078061;242;215;179;636;457;-27
078073;195;118;197;510;313;-77
078022;101;87;190;378;188;-14
078026;656;222;179;1057;878;-434
078034;363;555;346;1264;918;192
078039;190;62;98;350;252;-128
078046;89;131;165;385;220;42
078049;861;176;263;1300;1037;-685
078066;701;171;278;1150;872;-530
078072;135;38;66;239;173;-97
078080;223;552;163;938;775;329
078085;173;84;93;350;257;-89
078090;48;13;37;98;61;-35
078110;704;145;162;1011;849;-559
078113;89;87;53;229;176;-2
078145;227;368;197;792;595;141
078146;470;325;649;1444;795;-145
079011;1255;341;727;2323;1596;-914
079073;106;113;84;303;219;7
078042;177;39;117;333;216;-138
078062;303;28;192;523;331;-275
078126;74;49;31;154;123;-25
078140;94;8;23;125;102;-86
079074;137;44;82;263;181;-93
079087;725;354;567;1646;1079;-371
078004;192;48;127;367;240;-144
078014;162;42;50;254;204;-120
078016;134;27;126;287;161;-107
078059;213;57;133;403;270;-156
078094;305;154;80;539;459;-151
078139;104;81;97;282;185;-23
079083;97;24;86;207;121;-73
079127;1083;651;1027;2761;1734;-432
078001;105;96;107;308;201;-9
078074;234;210;421;865;444;-24
078121;386;347;268;1001;733;-39
078013;221;152;183;556;373;-69
078030;530;348;193;1071;878;-182
079033;169;43;119;331;212;-126
079047;521;468;459;1448;989;-53
079048;383;366;148;897;749;-17
079060;685;435;535;1655;1120;-250
079065;109;25;38;172;134;-84
079099;325;46;127;498;371;-279
079108;147;89;46;282;236;-58
079137;1065;1619;1317;4001;2684;554
079138;342;286;433;1061;628;-56
079147;524;315;395;1234;839;-209
080018;813;423;340;1576;1236;-390
080093;1267;746;2648;4661;2013;-521
102043;468;104;184;756;572;-364
078035;90;116;36;242;206;26
078053;228;436;115;779;664;208
078065;212;88;40;340;300;-124
078093;252;54;278;584;306;-198
079146;299;254;319;872;553;-45
078008;104;113;60;277;217;9
079043;383;198;344;925;581;-185
078109;151;36;69;256;187;-115
078129;153;41;75;269;194;-112
102006;393;175;254;822;568;-218
078023;89;72;295;456;161;-17
078099;142;169;139;450;311;27
078018;58;61;184;303;119;3
078089;113;55;132;300;168;-58
078137;64;220;129;413;284;156
101023;90;32;143;265;122;-58
101027;134;93;254;481;227;-41
078147;45;57;61;163;102;12
087033;3971;2993;7126;14090;6964;-978
101007;244;260;311;815;504;16
101008;735;437;2539;3711;1172;-298
101014;227;235;550;1012;462;8
078050;133;19;64;216;152;-114
078078;183;102;59;344;285;-81
101006;156;64;93;313;220;-92
078120;38;22;49;109;60;-16
087012;1421;567;172;2160;1988;-854
085016;2615;896;3076;6587;3511;-1719
078027;23;24;18;65;47;1
079003;186;26;162;374;212;-160
079004;145;96;63;304;241;-49
079005;79;29;63;171;108;-50
079029;433;423;822;1678;856;-10
079030;121;41;95;257;162;-80
079034;241;49;226;516;290;-192
079058;568;109;202;879;677;-459
079069;457;936;705;2098;1393;479
079080;430;228;102;760;658;-202
079081;1074;667;584;2325;1741;-407
079092;373;30;127;530;403;-343
079095;227;63;289;579;290;-164
079115;229;49;164;442;278;-180
079117;194;123;240;557;317;-71
079123;630;373;249;1252;1003;-257
079130;452;239;621;1312;691;-213
079133;907;396;426;1729;1303;-511
079143;382;205;206;793;587;-177
080001;327;132;349;808;459;-195
080007;663;449;1204;2316;1112;-214
080009;453;367;576;1396;820;-86
080012;868;718;1476;3062;1586;-150
080025;442;363;931;1736;805;-79
080027;840;417;697;1954;1257;-423
080031;338;80;452;870;418;-258
080043;824;1520;2320;4664;2344;696
080050;1038;654;1585;3277;1692;-384
080051;293;67;262;622;360;-226
080052;317;252;451;1020;569;-65
080055;320;507;1076;1903;827;187
080057;1410;951;3196;5557;2361;-459
080062;207;129;56;392;336;-78
080065;811;971;1390;3172;1782;160
080069;1048;832;2324;4204;1880;-216
080071;369;166;315;850;535;-203
080089;189;149;301;639;338;-40
080091;152;102;103;357;254;-50
083032;1285;1399;1195;3879;2684;114
083089;1460;984;1198;3642;2444;-476
086009;1041;4550;6471;12062;5591;3509
087003;6170;1348;1494;9012;7518;-4822
087016;1395;651;839;2885;2046;-744
087017;3240;3629;3754;10623;6869;389
087023;2752;820;1092;4664;3572;-1932
087030;2697;1266;786;4749;3963;-1431
087034;3698;913;799;5410;4611;-2785
087039;2189;1785;1280;5254;3974;-404
101001;151;96;234;481;247;-55
101002;172;167;200;539;339;-5
101004;202;94;343;639;296;-108
101005;116;45;80;241;161;-71
101015;334;208;1190;1732;542;-126
101016;87;59;107;253;146;-28
101022;178;206;266;650;384;28
101024;281;175;355;811;456;-106
102001;182;152;215;549;334;-30
102017;1086;420;288;1794;1506;-666
102019;362;186;396;944;548;-176
102020;231;540;412;1183;771;309
102021;767;256;891;1914;1023;-511
102023;240;135;175;550;375;-105
102025;428;318;767;1513;746;-110
102027;881;810;1128;2819;1691;-71
102028;104;85;95;284;189;-19
102030;497;947;767;2211;1444;450
102033;329;221;219;769;550;-108
102036;456;264;267;987;720;-192
102037;444;290;1131;1865;734;-154
102044;321;894;1070;2285;1215;573
102046;132;65;92;289;197;-67
080039;575;370;907;1852;945;-205
080003;286;203;182;671;489;-83
087021;626;306;819;1751;932;-320
087006;2254;1148;4353;7755;3402;-1106
080086;289;278;390;957;567;-11
083049;2397;3867;6166;12430;6264;1470
102032;444;137;478;1059;581;-307
079025;37;68;21;126;105;31
079027;131;99;113;343;230;-32
079052;101;41;44;186;142;-60
079122;194;148;167;509;342;-46
079139;221;52;134;407;273;-169
079148;89;38;92;219;127;-51
079151;201;29;120;350;230;-172
079157;164;31;171;366;195;-133
080042;380;302;695;1377;682;-78
080049;605;284;686;1575;889;-321
087014;310;414;411;1135;724;104
087045;2489;1624;392;4505;4113;-865
102007;158;61;115;334;219;-97
102009;320;105;174;599;425;-215
102015;174;205;261;640;379;31
102026;163;214;97;474;377;51
102031;634;238;421;1293;872;-396
102040;223;235;467;925;458;12
079056;248;69;140;457;317;-179
080085;506;279;573;1358;785;-227
086012;757;417;2922;4096;1174;-340
087007;4225;6126;3226;13577;10351;1901
087038;773;355;2199;3327;1128;-418
079134;123;70;68;261;193;-53
079077;125;36;53;214;161;-89
079009;98;192;254;544;290;94
079024;67;25;38;130;92;-42
079061;299;156;587;1042;455;-143
079063;185;187;155;527;372;2
079116;240;121;101;462;361;-119
079118;223;113;168;504;336;-110
080008;356;186;284;826;542;-170
080045;565;532;912;2009;1097;-33
102016;205;235;316;756;440;30
079071;26;48;49;123;74;22
101020;284;37;185;506;321;-247
080014;292;217;489;998;509;-75
080083;142;103;113;358;245;-39
102049;183;177;195;555;360;-6
079018;178;62;161;401;240;-116
079002;128;6;58;192;134;-122
079094;138;141;90;369;279;3
079126;65;13;28;106;78;-52
102012;297;133;155;585;430;-164
079007;76;58;24;158;134;-18
102038;98;75;113;286;173;-23
102041;133;55;61;249;188;-78
079055;66;33;38;137;99;-33
079088;57;52;41;150;109;-5
080005;649;360;608;1617;1009;-289
080010;145;62;136;343;207;-83
080013;434;321;533;1288;755;-113
080017;69;44;62;175;113;-25
080020;72;73;113;258;145;1
080021;83;93;50;226;176;10
080022;159;91;134;384;250;-68
080023;173;329;467;969;502;156
080024;108;153;66;327;261;45
080026;29;105;124;258;134;76
080029;490;176;590;1256;666;-314
080030;88;175;107;370;263;87
080033;77;42;90;209;119;-35
080036;359;165;278;802;524;-194
080040;252;130;311;693;382;-122
080044;174;118;392;684;292;-56
080053;602;373;603;1578;975;-229
080054;898;309;489;1696;1207;-589
080056;188;89;225;502;277;-99
080058;51;32;39;122;83;-19
080059;108;66;75;249;174;-42
080064;204;78;202;484;282;-126
080068;146;49;61;256;195;-97
080070;74;43;107;224;117;-31
080072;58;40;33;131;98;-18
080073;215;188;224;627;403;-27
080074;278;291;751;1320;569;13
080075;103;69;82;254;172;-34
080076;71;126;48;245;197;55
080077;216;113;129;458;329;-103
080079;68;72;119;259;140;4
080081;297;219;702;1218;516;-78
080082;175;393;146;714;568;218
080087;93;141;85;319;234;48
080095;245;205;365;815;450;-40
084001;2575;9300;12224;24099;11875;6725
084017;3457;1261;4449;9167;4718;-2196
085004;1656;7158;14418;23232;8814;5502
085013;1725;236;3287;5248;1961;-1489
085015;774;172;1463;2409;946;-602
087048;1364;927;890;3181;2291;-437
088003;2862;1010;5200;9072;3872;-1852
101003;46;42;66;154;88;-4
101021;81;24;61;166;105;-57
102002;168;65;141;374;233;-103
102004;121;31;44;196;152;-90
102005;144;24;91;259;168;-120
102010;132;66;324;522;198;-66
102011;607;257;616;1480;864;-350
102014;337;174;116;627;511;-163
102018;174;55;131;360;229;-119
102024;45;25;130;200;70;-20
102029;124;58;64;246;182;-66
102035;122;73;127;322;195;-49
102039;175;100;133;408;275;-75
102042;191;100;174;465;291;-91
102045;89;175;65;329;264;86
102050;216;101;226;543;317;-115
080048;99;65;105;269;164;-34
080032;186;69;157;412;255;-117
080037;142;7;99;248;149;-135
080094;81;106;40;227;187;25
102022;47;110;102;259;157;63
089018;1198;236;707;2141;1434;-962
080047;51;41;43;135;92;-10
080034;145;28;45;218;173;-117
102048;89;54;50;193;143;-35
102008;148;153;200;501;301;5
089001;2402;3180;6599;12181;5582;778
080035;152;120;155;427;272;-32
082064;832;351;1012;2195;1183;-481
080015;114;93;116;323;207;-21
085007;1308;2254;15132;18694;3562;946
087001;833;378;196;1407;1211;-455
080002;45;25;54;124;70;-20
080060;146;354;980;1480;500;208
080016;131;21;34;186;152;-110
080006;106;76;100;282;182;-30
080066;24;28;44;96;52;4
080090;14;17;21;52;31;3
080011;48;46;52;146;94;-2
080041;50;26;17;93;76;-24
083106;878;957;1111;2946;1835;79
083096;817;374;366;1557;1191;-443
080080;44;9;36;89;53;-35
080019;56;261;32;349;317;205
083092;698;486;288;1472;1184;-212
083104;695;562;333;1590;1257;-133
087049;1177;604;2331;4112;1781;-573
080078;62;167;118;347;229;105
080084;83;97;84;264;180;14
083047;499;259;132;890;758;-240
084027;1553;423;2928;4904;1976;-1130
083007;705;844;1041;2590;1549;139
083003;394;366;256;1016;760;-28
083027;633;325;297;1255;958;-308
083036;273;94;108;475;367;-179
083039;252;91;180;523;343;-161
089013;1780;2263;3918;7961;4043;483
086002;436;114;562;1112;550;-322
081001;3086;1227;9605;13918;4313;-1859
082015;398;116;520;1034;514;-282
082048;3997;1033;2504;7534;5030;-2964
082059;345;105;381;831;450;-240
083016;373;62;178;613;435;-311
083018;79;55;22;156;134;-24
083020;192;133;163;488;325;-59
083021;142;88;162;392;230;-54
083023;99;59;151;309;158;-40
083028;548;498;428;1474;1046;-50
083029;566;154;257;977;720;-412
083038;435;432;381;1248;867;-3
083041;74;238;3298;3610;312;164
083046;166;79;180;425;245;-87
083052;247;295;917;1459;542;48
083055;80;45;47;172;125;-35
083056;291;88;111;490;379;-203
083061;682;210;301;1193;892;-472
083063;247;243;260;750;490;-4
083065;245;44;56;345;289;-201
083068;668;381;444;1493;1049;-287
083075;370;179;156;705;549;-191
083077;1198;1385;637;3220;2583;187
083081;209;234;455;898;443;25
083085;307;309;105;721;616;2
083086;720;181;492;1393;901;-539
083087;49;56;181;286;105;7
083093;363;171;118;652;534;-192
083094;326;98;141;565;424;-228
083095;324;151;444;919;475;-173
083098;1298;829;679;2806;2127;-469
083099;545;222;1043;1810;767;-323
083103;272;151;91;514;423;-121
083107;716;234;753;1703;950;-482
084030;1684;423;1505;3612;2107;-1261
084033;1031;550;3309;4890;1581;-481
084042;388;187;542;1117;575;-201
087044;2080;481;390;2951;2561;-1599
088005;1289;1362;3330;5981;2651;73
088008;1617;727;2899;5243;2344;-890
088010;1231;733;1986;3950;1964;-498
088012;2500;2420;13820;18740;4920;-80
089019;1118;139;976;2233;1257;-979
089021;1110;4268;1753;7131;5378;3158
084028;1535;844;1884;4263;2379;-691
081002;395;176;332;903;571;-219
081003;524;791;981;2296;1315;267
081004;823;494;1785;3102;1317;-329
081006;1173;1919;6234;9326;3092;746
081007;526;496;907;1929;1022;-30
081008;4236;2753;2614;9603;6989;-1483
081010;572;168;474;1214;740;-404
081011;2529;1901;17867;22297;4430;-628
081012;1507;1317;10280;13104;2824;-190
081013;1920;526;871;3317;2446;-1394
081015;1003;331;1621;2955;1334;-672
081016;151;48;190;389;199;-103
081018;768;515;1837;3120;1283;-253
081019;420;427;819;1666;847;7
081020;315;654;996;1965;969;339
081021;3091;9437;11158;23686;12528;6346
081023;264;122;216;602;386;-142
081025;407;3;1480;1890;410;-404
082009;1258;369;1241;2868;1627;-889
082013;1013;472;635;2120;1485;-541
082014;775;290;1144;2209;1065;-485
082018;138;26;95;259;164;-112
082019;243;158;484;885;401;-85
082029;230;100;357;687;330;-130
082031;1620;1393;1417;4430;3013;-227
082034;634;378;2063;3075;1012;-256
082038;414;105;134;653;519;-309
082046;881;291;620;1792;1172;-590
082050;997;230;463;1690;1227;-767
082057;742;233;728;1703;975;-509
082061;137;33;191;361;170;-104
082063;584;314;546;1444;898;-270
082067;1640;740;967;3347;2380;-900
082071;1504;932;1547;3983;2436;-572
082072;766;93;266;1125;859;-673
082074;438;117;215;770;555;-321
084006;139;108;111;358;247;-31
084023;563;367;2067;2997;930;-196
084025;301;108;285;694;409;-193
084034;384;140;962;1486;524;-244
084035;210;33;386;629;243;-177
084038;527;263;846;1636;790;-264
084041;1219;1266;8787;11272;2485;47
086016;474;244;1200;1918;718;-230
081017;153;84;236;473;237;-69
082078;257;111;275;643;368;-146
084010;681;568;1406;2655;1249;-113
084011;1651;1584;6789;10024;3235;-67
084021;1307;1040;6448;8795;2347;-267
081024;877;616;1029;2522;1493;-261
084031;789;302;1524;2615;1091;-487
084036;869;1300;1031;3200;2169;431
081009;57;198;888;1143;255;141
084015;248;84;400;732;332;-164
082033;111;54;243;408;165;-57
082039;252;28;169;449;280;-224
082073;1441;365;936;2742;1806;-1076
084004;231;211;503;945;442;-20
084007;268;122;441;831;390;-146
084009;638;682;888;2208;1320;44
084012;568;189;1137;1894;757;-379
084014;269;140;435;844;409;-129
084016;144;70;76;290;214;-74
084032;504;391;476;1371;895;-113
084037;331;99;228;658;430;-232
082044;706;149;283;1138;855;-557
084029;806;249;914;1969;1055;-557
086014;1429;2018;3895;7342;3447;589
084019;195;86;90;371;281;-109
084024;245;56;268;569;301;-189
084026;465;929;1098;2492;1394;464
085012;577;582;2341;3500;1159;5
082080;364;260;360;984;624;-104
083101;222;154;404;780;376;-68
084005;224;151;407;782;375;-73
082030;322;145;448;915;467;-177
086018;414;445;1927;2786;859;31
088007;456;39;397;892;495;-417
082045;348;337;1127;1812;685;-11
084003;1108;960;1277;3345;2068;-148
084040;306;138;607;1051;444;-168
084043;129;68;178;375;197;-61
085010;353;64;362;779;417;-289
086008;200;95;266;561;295;-105
086017;87;41;73;201;128;-46
082003;116;30;113;259;146;-86
082025;211;93;476;780;304;-118
082051;269;104;359;732;373;-165
082060;331;81;659;1071;412;-250
082062;207;67;288;562;274;-140
082076;266;51;512;829;317;-215
085005;320;45;304;669;365;-275
085021;230;117;401;748;347;-113
082012;169;40;143;352;209;-129
082024;340;227;456;1023;567;-113
082036;408;171;1260;1839;579;-237
082055;329;492;525;1346;821;163
082058;284;146;436;866;430;-138
082082;158;34;80;272;192;-124
085014;196;44;250;490;240;-152
082028;487;154;566;1207;641;-333
082068;252;31;250;533;283;-221
082001;200;122;482;804;322;-78
082002;160;26;241;427;186;-134
082008;193;110;219;522;303;-83
082011;536;473;420;1429;1009;-63
082016;51;41;55;147;92;-10
082026;168;129;75;372;297;-39
082032;416;176;490;1082;592;-240
082037;161;127;317;605;288;-34
082040;141;49;141;331;190;-92
082041;90;34;98;222;124;-56
082042;143;22;201;366;165;-121
082047;395;51;274;720;446;-344
082052;176;91;288;555;267;-85
082056;270;253;434;957;523;-17
082065;75;50;228;353;125;-25
082066;186;136;78;400;322;-50
082069;29;148;69;246;177;119
082077;178;56;231;465;234;-122
082081;68;47;65;180;115;-21
083013;113;57;205;375;170;-56
083070;79;125;80;284;204;46
084018;632;220;613;1465;852;-412
085020;140;38;146;324;178;-102
086015;578;208;827;1613;786;-370
084002;181;138;334;653;319;-43
084022;262;25;197;484;287;-237
086020;503;87;532;1122;590;-416
083059;78;52;70;200;130;-26
085008;228;38;156;422;266;-190
085017;491;79;605;1175;570;-412
085022;116;68;183;367;184;-48
083001;209;60;229;498;269;-149
083011;210;237;533;980;447;27
083067;130;36;172;338;166;-94
083079;216;176;377;769;392;-40
083108;796;852;540;2188;1648;56
085019;604;207;831;1642;811;-397
086005;706;111;424;1241;817;-595
085011;122;71;185;378;193;-51
086011;1154;388;1829;3371;1542;-766
085001;96;59;94;249;155;-37
083006;37;14;67;118;51;-23
083008;212;96;503;811;308;-116
083014;380;192;446;1018;572;-188
083019;372;238;334;944;610;-134
083025;329;334;606;1269;663;5
083026;106;27;47;180;133;-79
083030;260;99;329;688;359;-161
083035;296;70;91;457;366;-226
083042;148;166;242;556;314;18
083044;87;9;47;143;96;-78
083050;153;54;119;326;207;-99
083053;88;66;75;229;154;-22
083057;151;89;340;580;240;-62
083060;487;253;400;1140;740;-234
083062;82;184;183;449;266;102
083069;118;82;137;337;200;-36
083074;48;93;80;221;141;45
083078;301;101;528;930;402;-200
083080;355;316;224;895;671;-39
083083;138;124;112;374;262;-14
083088;318;175;476;969;493;-143
084008;235;162;199;596;397;-73
084013;215;251;331;797;466;36
084039;131;45;128;304;176;-86
085003;398;735;524;1657;1133;337
085006;470;120;508;1098;590;-350
085009;890;531;1963;3384;1421;-359
085018;718;288;668;1674;1006;-430
086001;657;792;1281;2730;1449;135
086003;642;576;595;1813;1218;-66
086004;1110;228;1657;2995;1338;-882
086006;493;164;620;1277;657;-329
086007;578;527;670;1775;1105;-51
086010;277;150;579;1006;427;-127
086013;449;192;314;955;641;-257
086019;720;212;904;1836;932;-508
087008;1858;1406;3192;6456;3264;-452
087009;1256;2182;3952;7390;3438;926
087018;1006;305;1937;3248;1311;-701
087025;572;218;796;1586;790;-354
087028;296;156;567;1019;452;-140
087031;1478;1015;805;3298;2493;-463
087032;733;644;2345;3722;1377;-89
087035;597;207;421;1225;804;-390
087036;288;125;398;811;413;-163
087047;1044;355;696;2095;1399;-689
087052;2017;672;364;3053;2689;-1345
087053;2056;1110;547;3713;3166;-946
087055;1328;876;1158;3362;2204;-452
087058;1031;180;272;1483;1211;-851
089010;748;231;1422;2401;979;-517
089012;2195;2232;1325;5752;4427;37
089004;167;65;93;325;232;-102
087022;428;149;466;1043;577;-279
083002;98;30;65;193;128;-68
083045;86;17;39;142;103;-69
083024;136;131;88;355;267;-5
083040;69;13;57;139;82;-56
083037;63;24;95;182;87;-39
083054;419;237;237;893;656;-182
083073;206;84;53;343;290;-122
083100;82;103;111;296;185;21
083051;112;271;131;514;383;159
083082;119;66;139;324;185;-53
083102;85;96;165;346;181;11
087057;595;160;434;1189;755;-435
083022;46;29;82;157;75;-17
083004;106;35;89;230;141;-71
083031;60;38;27;125;98;-22
083034;220;36;128;384;256;-184
087010;801;457;408;1666;1258;-344
087027;281;301;766;1348;582;20
083015;205;75;85;365;280;-130
083071;31;7;13;51;38;-24
083058;89;80;106;275;169;-9
083012;141;54;63;258;195;-87
087013;484;205;477;1166;689;-279
083043;56;53;214;323;109;-3
087043;260;50;343;653;310;-210
089016;2149;476;3115;5740;2625;-1673
087026;193;185;92;470;378;-8
087046;303;110;109;522;413;-193
087054;473;155;775;1403;628;-318
087056;315;404;853;1572;719;89
089005;757;188;785;1730;945;-569
085002;66;27;52;145;93;-39
087020;299;230;395;924;529;-69
088001;762;1402;2006;4170;2164;640
088002;828;709;1513;3050;1537;-119
087040;286;46;298;630;332;-240
088004;431;339;385;1155;770;-92
089015;863;301;1455;2619;1164;-562
089008;293;93;312;698;386;-200
089020;280;372;641;1293;652;92
089003;186;84;270;540;270;-102
089007;88;35;79;202;123;-53
090014;127;60;80;267;187;-67
090017;296;337;716;1349;633;41
090021;455;424;708;1587;879;-31
090023;553;462;1072;2087;1015;-91
090036;280;127;244;651;407;-153
090037;452;101;257;810;553;-351
090054;220;565;934;1719;785;345
090055;318;124;591;1033;442;-194
090056;259;225;345;829;484;-34
090062;108;169;237;514;277;61
090065;188;121;153;462;309;-67
090070;939;1390;3236;5565;2329;451
090074;174;284;433;891;458;110
090082;238;128;201;567;366;-110
090087;191;138;175;504;329;-53
090088;98;11;81;190;109;-87
090091;591;586;934;2111;1177;-5
091063;381;660;1548;2589;1041;279
090008;184;74;294;552;258;-110
090012;399;232;568;1199;631;-167
090013;391;170;541;1102;561;-221
090018;83;76;149;308;159;-7
090045;121;54;251;426;175;-67
090075;167;50;271;488;217;-117
090084;790;413;366;1569;1203;-377
091024;288;208;925;1421;496;-80
091043;111;89;282;482;200;-22
091062;396;107;701;1204;503;-289
091073;497;124;289;910;621;-373
111103;547;379;675;1601;926;-168
090004;90;67;69;226;157;-23
090007;74;25;57;156;99;-49
090025;245;42;214;501;287;-203
090026;289;297;112;698;586;8
090027;120;26;74;220;146;-94
090029;285;128;123;536;413;-157
090033;1248;340;1251;2839;1588;-908
090038;71;16;54;141;87;-55
090043;216;225;37;478;441;9
090048;931;177;317;1425;1108;-754
090049;463;129;472;1064;592;-334
090050;502;139;364;1005;641;-363
090051;1098;474;560;2132;1572;-624
090052;789;1129;2322;4240;1918;340
090057;712;419;648;1779;1131;-293
090058;2068;2126;3890;8084;4194;58
090059;304;174;396;874;478;-130
090060;168;47;48;263;215;-121
090061;88;26;40;154;114;-62
090067;1394;307;567;2268;1701;-1087
090068;100;115;86;301;215;15
090071;276;456;563;1295;732;180
090072;698;102;125;925;800;-596
090076;562;112;230;904;674;-450
090077;954;178;327;1459;1132;-776
090089;171;574;279;1024;745;403
091012;186;120;167;473;306;-66
091044;642;1390;2246;4278;2032;748
091051;1412;5492;9273;16177;6904;4080
091055;896;180;965;2041;1076;-716
091060;167;112;103;382;279;-55
091070;286;214;346;846;500;-72
091077;203;123;241;567;326;-80
091093;191;83;364;638;274;-108
095011;243;63;96;402;306;-180
095018;1301;668;1404;3373;1969;-633
095019;277;154;388;819;431;-123
095035;378;65;143;586;443;-313
095038;2076;8196;7669;17941;10272;6120
095049;243;112;404;759;355;-131
095050;411;350;300;1061;761;-61
095052;263;60;363;686;323;-203
095063;39;28;45;112;67;-11
095067;146;61;138;345;207;-85
095074;197;131;128;456;328;-66
095079;502;463;1596;2561;965;-39
095080;67;51;32;150;118;-16
095087;133;121;129;383;254;-12
111014;2092;759;962;3813;2851;-1333
111052;428;95;271;794;523;-333
111065;2049;1082;868;3999;3131;-967
111106;1171;583;741;2495;1754;-588
111107;714;253;161;1128;967;-461
090020;135;66;125;326;201;-69
090028;58;53;36;147;111;-5
090031;108;29;87;224;137;-79
091010;275;313;324;912;588;38
091064;294;96;212;602;390;-198
090032;60;16;84;160;76;-44
090042;226;100;249;575;326;-126
090044;133;34;94;261;167;-99
090001;252;134;199;585;386;-118
090002;161;56;383;600;217;-105
090009;323;79;539;941;402;-244
090019;66;37;46;149;103;-29
090034;155;33;79;267;188;-122
090039;54;15;53;122;69;-39
090041;408;144;363;915;552;-264
090046;352;94;411;857;446;-258
090063;218;391;1177;1786;609;173
090073;168;90;129;387;258;-78
090080;508;86;188;782;594;-422
090081;176;485;337;998;661;309
090083;327;319;360;1006;646;-8
090085;256;69;147;472;325;-187
090086;112;33;62;207;145;-79
090090;297;165;309;771;462;-132
091017;474;312;2027;2813;786;-162
091028;297;195;446;938;492;-102
091033;268;212;354;834;480;-56
091038;87;28;52;167;115;-59
091041;149;37;232;418;186;-112
091046;356;125;295;776;481;-231
091047;144;28;251;423;172;-116
091056;168;47;157;372;215;-121
091085;835;755;2196;3786;1590;-80
091091;60;34;52;146;94;-26
091094;337;133;295;765;470;-204
095001;459;471;307;1237;930;12
095004;174;380;171;725;554;206
095015;218;32;204;454;250;-186
095021;540;670;708;1918;1210;130
095024;146;31;77;254;177;-115
095025;863;670;470;2003;1533;-193
095037;236;27;79;342;263;-209
095039;417;56;91;564;473;-361
095040;25;22;47;94;47;-3
095041;272;90;350;712;362;-182
095045;225;139;507;871;364;-86
095059;421;401;244;1066;822;-20
095062;462;145;187;794;607;-317
095065;1379;723;1482;3584;2102;-656
095066;166;151;94;411;317;-15
095069;483;111;229;823;594;-372
095083;98;40;35;173;138;-58
095085;42;17;45;104;59;-25
111001;631;359;828;1818;990;-272
111062;1139;1244;1081;3464;2383;105
111072;624;271;503;1398;895;-353
090011;154;86;96;336;240;-68
090024;76;48;33;157;124;-28
091083;306;116;264;686;422;-190
090015;43;14;24;81;57;-29
095043;366;141;210;717;507;-225
090016;112;19;80;211;131;-93
091009;199;197;596;992;396;-2
091018;80;37;59;176;117;-43
091061;344;179;456;979;523;-165
091066;89;34;172;295;123;-55
090030;64;99;79;242;163;35
090053;60;53;79;192;113;-7
090066;11;21;11;43;32;10
091011;258;84;301;643;342;-174
095027;189;220;210;619;409;31
095031;280;105;213;598;385;-175
095047;1105;1021;380;2506;2126;-84
095051;186;38;197;421;224;-148
095053;262;50;198;510;312;-212
095057;145;54;79;278;199;-91
111023;67;23;98;188;90;-44
090005;122;58;118;298;180;-64
091006;407;180;552;1139;587;-227
091008;94;67;39;200;161;-27
091058;53;30;72;155;83;-23
091068;18;14;32;64;32;-4
095013;124;108;58;290;232;-16
095020;91;90;144;325;181;-1
111031;948;176;752;1876;1124;-772
095023;116;77;75;268;193;-39
090022;162;49;33;244;211;-113
111093;1019;331;262;1612;1350;-688
091084;228;54;238;520;282;-174
091035;323;366;582;1271;689;43
091101;359;129;543;1031;488;-230
090040;15;24;15;54;39;9
111095;293;107;171;571;400;-186
091002;382;106;365;853;488;-276
091003;137;109;136;382;246;-28
091005;435;312;597;1344;747;-123
091025;44;23;97;164;67;-21
091027;374;80;264;718;454;-294
091037;337;1248;1203;2788;1585;911
091040;79;48;69;196;127;-31
091042;337;178;220;735;515;-159
091057;96;36;88;220;132;-60
091059;107;37;89;233;144;-70
091071;157;73;272;502;230;-84
091089;271;118;715;1104;389;-153
091090;77;44;104;225;121;-33
091095;706;1885;2770;5361;2591;1179
091097;181;43;105;329;224;-138
095006;342;1005;1011;2358;1347;663
095075;214;29;63;306;243;-185
111022;296;93;141;530;389;-203
111034;1255;944;1858;4057;2199;-311
111041;910;1182;510;2602;2092;272
111047;421;207;233;861;628;-214
111060;307;288;183;778;595;-19
111067;1189;1719;1384;4292;2908;530
111075;797;786;639;2222;1583;-11
111078;925;519;475;1919;1444;-406
111097;354;374;367;1095;728;20
111101;165;97;128;390;262;-68
090010;75;31;29;135;106;-44
095017;152;70;156;378;222;-82
095064;20;124;11;155;144;104
095068;73;16;34;123;89;-57
092015;2030;1748;702;4480;3778;-282
095032;60;50;80;190;110;-10
111033;415;283;298;996;698;-132
091086;113;379;318;810;492;266
095002;65;11;54;130;76;-54
091004;88;46;122;256;134;-42
091016;189;110;423;722;299;-79
091032;326;146;230;702;472;-180
091039;180;41;163;384;221;-139
091098;164;62;249;475;226;-102
091099;131;15;213;359;146;-116
091103;261;194;311;766;455;-67
092050;835;1423;1235;3493;2258;588
092074;5240;5478;2350;13068;10718;238
092075;1858;662;472;2992;2520;-1196
092080;4215;1087;1398;6700;5302;-3128
092090;2080;1610;819;4509;3690;-470
092105;3653;1876;739;6268;5529;-1777
092108;2596;4783;757;8136;7379;2187
092109;5214;3145;1128;9487;8359;-2069
095012;80;63;54;197;143;-17
095028;69;7;44;120;76;-62
095029;503;367;601;1471;870;-136
095030;77;75;117;269;152;-2
095033;236;33;89;358;269;-203
095034;51;27;52;130;78;-24
095044;75;5;86;166;80;-70
095046;433;254;229;916;687;-179
095056;211;140;59;410;351;-71
095076;63;25;29;117;88;-38
095084;21;7;10;38;28;-14
095088;37;22;16;75;59;-15
111007;446;45;229;720;491;-401
111009;2764;2324;4303;9391;5088;-440
111013;767;337;443;1547;1104;-430
111029;77;12;46;135;89;-65
111030;810;326;466;1602;1136;-484
111035;2886;1946;4804;9636;4832;-940
111036;160;672;588;1420;832;512
111039;291;152;260;703;443;-139
111044;469;179;363;1011;648;-290
111045;96;84;105;285;180;-12
111050;217;83;294;594;300;-134
111063;892;304;494;1690;1196;-588
111076;643;296;211;1150;939;-347
111077;1496;877;962;3335;2373;-619
111083;108;18;50;176;126;-90
111084;628;282;379;1289;910;-346
111087;496;111;102;709;607;-385
111096;1343;1336;2300;4979;2679;-7
111098;553;206;364;1123;759;-347
111046;168;14;123;305;182;-154
091104;61;17;24;102;78;-44
095072;260;60;178;498;320;-200
091007;69;36;106;211;105;-33
095082;169;27;295;491;196;-142
111025;119;74;162;355;193;-45
091019;125;18;43;186;143;-107
091026;132;99;245;476;231;-33
111086;272;71;224;567;343;-201
091001;103;80;222;405;183;-23
095005;42;18;61;121;60;-24
091031;357;73;66;496;430;-284
091072;153;153;317;623;306;0
091088;100;24;172;296;124;-76
091100;49;28;72;149;77;-21
095070;81;56;95;232;137;-25
095007;104;9;71;184;113;-95
095073;41;36;18;95;77;-5
111016;950;515;774;2239;1465;-435
111068;354;356;445;1155;710;2
111079;76;9;78;163;85;-67
092037;1789;540;583;2912;2329;-1249
095042;40;10;18;68;50;-30
095077;71;35;22;128;106;-36
091050;34;48;34;116;82;14
111005;190;165;193;548;355;-25
095071;46;15;23;84;61;-31
111082;56;24;154;234;80;-32
091069;77;68;100;245;145;-9
111042;530;940;892;2362;1470;410
111048;160;153;385;698;313;-7
111066;431;173;438;1042;604;-258
111081;64;45;265;374;109;-19
111018;263;34;249;546;297;-229
111028;267;132;202;601;399;-135
111003;83;25;72;180;108;-58
111010;387;181;1102;1670;568;-206
111011;204;422;299;925;626;218
111100;105;57;59;221;162;-48
095016;21;1;10;32;22;-20
095055;16;4;12;32;20;-12
095078;13;3;9;25;16;-10
095086;29;22;16;67;51;-7
111026;101;20;86;207;121;-81
111059;769;354;561;1684;1123;-415
111094;79;69;46;194;148;-10
095008;38;2;26;66;40;-36
111002;50;53;61;164;103;3
111004;248;64;74;386;312;-184
111061;211;51;99;361;262;-160
111069;320;53;135;508;373;-267
111073;196;75;96;367;271;-121
111038;269;160;211;640;429;-109
095054;36;5;37;78;41;-31
111099;91;20;165;276;111;-71
111019;69;24;62;155;93;-45
111032;184;37;68;289;221;-147
111085;139;29;100;268;168;-110
111104;89;38;156;283;127;-51
111058;79;62;181;322;141;-17
092066;606;2774;877;4257;3380;2168
092099;549;107;107;763;656;-442
095060;62;28;36;126;90;-34
111006;78;128;175;381;206;50
111015;165;339;276;780;504;174
111017;413;143;176;732;556;-270
111021;301;23;379;703;324;-278
111027;145;67;146;358;212;-78
111040;168;87;138;393;255;-81
111043;352;100;101;553;452;-252
111049;213;200;167;580;413;-13
111051;101;195;157;453;296;94
111053;90;46;64;200;136;-44
111054;216;36;104;356;252;-180
111055;229;79;77;385;308;-150
111057;384;2320;950;3654;2704;1936
111064;85;95;94;274;180;10
111071;975;703;1657;3335;1678;-272
111074;262;57;101;420;319;-205
111088;213;96;108;417;309;-117
111089;271;363;616;1250;634;92
111091;123;72;116;311;195;-51
111105;181;1000;1051;2232;1181;819
095003;44;55;19;118;99;11
095009;24;4;35;63;28;-20
095010;13;43;8;64;56;30
095022;89;27;32;148;116;-62
095026;158;71;108;337;229;-87
095036;37;22;33;92;59;-15
095048;39;16;33;88;55;-23
095058;60;8;18;86;68;-52
095061;35;48;21;104;83;13
111008;272;192;390;854;464;-80
111012;130;37;59;226;167;-93
111020;43;9;116;168;52;-34
111024;43;31;26;100;74;-12
111037;30;10;15;55;40;-20
111056;132;85;64;281;217;-47
111070;345;288;374;1007;633;-57
111080;23;2;9;34;25;-21
111090;154;44;98;296;198;-110
111092;59;90;34;183;149;31
111102;184;70;97;351;254;-114
095014;15;7;15;37;22;-8
101026;48;77;120;245;125;29
103067;25;22;17;64;47;-3
