procom;out;in;self;sum;inout;saldo
1001;886;491;439;1816;1377;-395
1002;1307;2205;812;4324;3512;898
1003;105;44;116;265;149;-61
1004;713;189;171;1073;902;-524
1005;301;69;24;394;370;-232
1006;2150;1494;1187;4831;3644;-656
1007;82;11;23;116;93;-71
1008;5942;2870;2603;11415;8812;-3072
1009;635;1340;419;2394;1975;705
1010;174;19;75;268;193;-155
1011;306;42;73;421;348;-264
1012;429;258;159;846;687;-171
1013;3987;4940;2476;11403;8927;953
1014;480;482;212;1174;962;2
1015;298;272;86;656;570;-26
1016;1128;458;482;2068;1586;-670
1017;193;186;44;423;379;-7
1018;1677;179;412;2268;1856;-1498
1019;19;19;25;63;38;0
1020;1166;984;423;2573;2150;-182
1021;602;130;154;886;732;-472
1022;367;430;1100;1897;797;63
1023;230;306;42;578;536;76
1024;6112;5260;3238;14610;11372;-852
1025;1132;310;561;2003;1442;-822
1026;148;49;114;311;197;-99
1027;724;587;264;1575;1311;-137
1028;5265;3808;2536;11609;9073;-1457
1029;225;48;28;301;273;-177
1030;1219;381;563;2163;1600;-838
1031;313;41;48;402;354;-272
1032;775;562;303;1640;1337;-213
1033;990;739;549;2278;1729;-251
1034;2975;1156;1607;5738;4131;-1819
1035;1523;976;769;3268;2499;-547
1036;185;22;33;240;207;-163
1037;204;64;26;294;268;-140
1038;3255;2085;1515;6855;5340;-1170
1039;543;370;225;1138;913;-173
1040;568;492;193;1253;1060;-76
1041;453;372;281;1106;825;-81
1042;398;1242;178;1818;1640;844
1043;546;1388;327;2261;1934;842
1044;1877;1227;1115;4219;3104;-650
1045;2419;1514;931;4864;3933;-905
1046;1144;557;585;2286;1701;-587
1047;1893;2442;1677;6012;4335;549
1048;2125;1896;1182;5203;4021;-229
1049;449;491;252;1192;940;42
1050;461;276;162;899;737;-185
1051;2286;1331;920;4537;3617;-955
1052;95;5;11;111;100;-90
1053;999;124;294;1417;1123;-875
1054;157;43;110;310;200;-114
1055;865;356;235;1456;1221;-509
1056;325;80;135;540;405;-245
1057;230;150;111;491;380;-80
1058;2593;2165;2056;6814;4758;-428
1059;6434;3979;8825;19238;10413;-2455
1060;612;220;328;1160;832;-392
1061;612;179;128;919;791;-433
1062;1050;1084;484;2618;2134;34
1063;6489;5511;3787;15787;12000;-978
1064;770;190;183;1143;960;-580
1065;839;140;336;1315;979;-699
1066;2760;1974;2210;6944;4734;-786
1067;161;15;28;204;176;-146
1068;2565;833;1000;4398;3398;-1732
1069;849;188;237;1274;1037;-661
1070;1537;879;1306;3722;2416;-658
1071;655;177;257;1089;832;-478
1072;261;193;171;625;454;-68
1073;28;13;47;88;41;-15
1074;142;142;298;582;284;0
1075;77;37;45;159;114;-40
1076;645;213;163;1021;858;-432
1077;738;148;208;1094;886;-590
1078;8917;7236;10262;26415;16153;-1681
1079;72;7;13;92;79;-65
1080;243;120;120;483;363;-123
1081;600;535;243;1378;1135;-65
1082;6485;7940;6975;21400;14425;1455
1083;181;14;15;210;195;-167
1084;100;29;9;138;129;-71
1085;116;39;26;181;155;-77
1086;4838;6636;4762;16236;11474;1798
1087;26;15;55;96;41;-11
1088;574;133;172;879;707;-441
1089;1069;175;436;1680;1244;-894
1090;18010;10026;8285;36321;28036;-7984
1091;112;130;43;285;242;18
1092;267;655;26;948;922;388
1093;1399;636;753;2788;2035;-763
1094;1057;355;513;1925;1412;-702
1095;152;127;58;337;279;-25
1096;391;149;104;644;540;-242
1097;2489;899;1543;4931;3388;-1590
1098;2719;2214;2229;7162;4933;-505
1099;2983;1402;1579;5964;4385;-1581
1100;112;18;13;143;130;-94
1101;1951;651;825;3427;2602;-1300
1102;824;357;310;1491;1181;-467
1103;116;112;109;337;228;-4
1104;997;480;425;1902;1477;-517
1105;354;43;47;444;397;-311
1106;874;157;344;1375;1031;-717
1107;903;703;847;2453;1606;-200
1108;62;13;51;126;75;-49
1109;659;203;193;1055;862;-456
1110;963;823;471;2257;1786;-140
1111;216;107;49;372;323;-109
1112;3546;675;1424;5645;4221;-2871
1113;441;198;155;794;639;-243
1114;287;22;65;374;309;-265
1115;4003;2089;4055;10147;6092;-1914
1116;1655;322;476;2453;1977;-1333
1117;288;29;36;353;317;-259
1118;35;9;30;74;44;-26
1119;405;415;142;962;820;10
1120;12406;18462;6813;37681;30868;6056
1121;10;6;2;18;16;-4
1122;301;101;54;456;402;-200
1123;186;29;25;240;215;-157
1124;168;8;20;196;176;-160
1125;3930;13874;7271;25075;17804;9944
1126;770;208;216;1194;978;-562
1127;3356;1852;1528;6736;5208;-1504
1128;1378;2226;1197;4801;3604;848
1129;568;996;221;1785;1564;428
1130;5009;6531;3545;15085;11540;1522
1131;45;71;19;135;116;26
1132;718;354;281;1353;1072;-364
1133;152;66;55;273;218;-86
1134;322;145;330;797;467;-177
1135;678;557;219;1454;1235;-121
1136;343;470;169;982;813;127
1137;433;219;149;801;652;-214
1138;154;69;19;242;223;-85
1139;1848;2147;1624;5619;3995;299
1140;222;26;48;296;248;-196
1141;215;229;49;493;444;14
1142;443;227;184;854;670;-216
1143;169;20;31;220;189;-149
1144;627;116;138;881;743;-511
1145;4;9;1;14;13;5
1146;1204;1154;777;3135;2358;-50
1147;250;42;65;357;292;-208
1148;1405;349;600;2354;1754;-1056
1149;301;37;74;412;338;-264
1150;481;205;139;825;686;-276
1151;29;17;2;48;46;-12
1152;245;48;78;371;293;-197
1153;208;15;9;232;223;-193
1154;295;36;37;368;331;-259
1155;147;10;23;180;157;-137
1156;16669;17795;11898;46362;34464;1126
1157;7;9;3;19;16;2
1158;357;72;50;479;429;-285
1159;394;89;122;605;483;-305
1160;1185;444;540;2169;1629;-741
1161;1616;326;1100;3042;1942;-1290
1162;316;63;78;457;379;-253
1163;322;100;89;511;422;-222
1164;15568;6726;9373;31667;22294;-8842
1165;34;12;23;69;46;-22
1166;2690;635;985;4310;3325;-2055
1167;118;7;18;143;125;-111
1168;2697;2049;1565;6311;4746;-648
1169;208;28;66;302;236;-180
1170;568;374;202;1144;942;-194
1171;6988;10889;4805;22682;17877;3901
1172;287;195;73;555;482;-92
1173;466;543;133;1142;1009;77
1174;343;177;127;647;520;-166
1175;604;1166;935;2705;1770;562
1176;454;445;173;1072;899;-9
1177;397;75;51;523;472;-322
1178;526;405;451;1382;931;-121
1179;194;119;32;345;313;-75
1180;505;82;128;715;587;-423
1181;1359;613;555;2527;1972;-746
1182;90;4;3;97;94;-86
1183;1480;691;573;2744;2171;-789
1184;973;570;491;2034;1543;-403
1185;247;26;37;310;273;-221
1186;187;53;64;304;240;-134
1187;313;102;112;527;415;-211
1188;209;104;68;381;313;-105
1189;5160;5117;2818;13095;10277;-43
1190;1116;285;312;1713;1401;-831
1191;6571;12233;10814;29618;18804;5662
1192;3192;1084;1201;5477;4276;-2108
1193;1276;1133;715;3124;2409;-143
1194;6570;1691;3421;11682;8261;-4879
1195;1208;352;600;2160;1560;-856
1196;464;303;220;987;767;-161
1197;3150;2945;2382;8477;6095;-205
1198;341;167;119;627;508;-174
1199;937;467;780;2184;1404;-470
1200;489;94;78;661;583;-395
1201;155;78;188;421;233;-77
1202;36;63;61;160;99;27
1203;583;233;395;1211;816;-350
1204;85;11;3;99;96;-74
1205;498;68;115;681;566;-430
1206;277;94;88;459;371;-183
1207;199;68;51;318;267;-131
1208;149;13;6;168;162;-136
1209;144;70;22;236;214;-74
1210;337;219;174;730;556;-118
1211;672;97;177;946;769;-575
1212;10;5;4;19;15;-5
1213;442;91;147;680;533;-351
1214;7459;6037;3151;16647;13496;-1422
1215;1528;1140;807;3475;2668;-388
1216;972;770;413;2155;1742;-202
1217;3313;3760;2967;10040;7073;447
1218;680;86;186;952;766;-594
1219;13632;15553;10603;39788;29185;1921
1220;1046;1880;516;3442;2926;834
1221;566;713;300;1579;1279;147
1222;762;842;249;1853;1604;80
1223;1235;425;346;2006;1660;-810
1224;46;116;43;205;162;70
1225;565;513;336;1414;1078;-52
1226;89;15;28;132;104;-74
1227;232;67;136;435;299;-165
1228;1817;1617;709;4143;3434;-200
1229;994;71;241;1306;1065;-923
1230;217;26;58;301;243;-191
1231;720;499;216;1435;1219;-221
1232;160;185;130;475;345;25
1233;261;72;11;344;333;-189
1234;9;25;7;41;34;16
1235;678;171;177;1026;849;-507
1236;1994;1938;1016;4948;3932;-56
1237;1482;979;582;3043;2461;-503
1238;181;64;34;279;245;-117
1239;244;385;61;690;629;141
1240;1873;420;790;3083;2293;-1453
1241;1456;542;444;2442;1998;-914
1242;718;195;195;1108;913;-523
1243;1279;727;378;2384;2006;-552
1244;804;743;520;2067;1547;-61
1245;381;89;97;567;470;-292
1246;1066;513;574;2153;1579;-553
1247;339;48;75;462;387;-291
1248;3798;2316;1763;7877;6114;-1482
1249;7014;5812;3246;16072;12826;-1202
1250;586;109;114;809;695;-477
1251;132;151;13;296;283;19
1252;1087;433;518;2038;1520;-654
1253;753;159;228;1140;912;-594
1254;1198;1011;576;2785;2209;-187
1255;1670;769;804;3243;2439;-901
1256;1394;889;736;3019;2283;-505
1257;3466;1987;2307;7760;5453;-1479
1258;58;12;19;89;70;-46
1259;225;109;291;625;334;-116
1260;1141;712;525;2378;1853;-429
1261;303;1231;125;1659;1534;928
1262;571;81;198;850;652;-490
1263;85;202;321;608;287;117
1264;174;118;43;335;292;-56
1265;13218;10630;11441;35289;23848;-2588
1266;432;428;271;1131;860;-4
1267;309;217;178;704;526;-92
1268;124;9;3;136;133;-115
1269;2123;1259;1170;4552;3382;-864
1270;1262;2418;1785;5465;3680;1156
1271;327;79;78;484;406;-248
1272;69012;180232;355525;604769;249244;111220
1273;1109;215;391;1715;1324;-894
1274;219;299;43;561;518;80
1275;1238;875;724;2837;2113;-363
1276;1450;712;532;2694;2162;-738
1277;39;2;5;46;41;-37
1278;88;12;36;136;100;-76
1279;187;15;51;253;202;-172
1280;4028;2629;1844;8501;6657;-1399
1281;37;9;23;69;46;-28
1282;29;22;43;94;51;-7
1283;552;390;193;1135;942;-162
1284;1528;468;420;2416;1996;-1060
1285;399;16;64;479;415;-383
1286;337;134;60;531;471;-203
1287;944;1573;601;3118;2517;629
1288;24;18;12;54;42;-6
1289;315;100;70;485;415;-215
1290;582;293;137;1012;875;-289
1291;339;84;106;529;423;-255
1292;11171;8451;6632;26254;19622;-2720
1293;1795;329;677;2801;2124;-1466
1294;526;128;128;782;654;-398
1295;267;309;105;681;576;42
1296;97;71;12;180;168;-26
1297;214;223;165;602;437;9
1298;172;67;56;295;239;-105
1299;1479;636;1233;3348;2115;-843
1300;1293;451;1120;2864;1744;-842
1301;462;327;123;912;789;-135
1302;1238;878;527;2643;2116;-360
1303;1257;347;313;1917;1604;-910
1304;360;138;118;616;498;-222
1305;750;98;233;1081;848;-652
1306;363;68;153;584;431;-295
1307;1110;1746;971;3827;2856;636
1308;1620;1378;971;3969;2998;-242
1309;5152;1980;2440;9572;7132;-3172
1310;405;248;192;845;653;-157
1311;394;115;193;702;509;-279
1312;207;108;47;362;315;-99
1313;227;39;216;482;266;-188
1314;4718;4419;3430;12567;9137;-299
1315;3370;2332;1552;7254;5702;-1038
2002;64;81;115;260;145;17
2003;119;56;33;208;175;-63
2004;822;293;439;1554;1115;-529
2006;207;324;192;723;531;117
2007;505;197;215;917;702;-308
2008;35;81;6;122;116;46
2009;81;265;45;391;346;184
2011;451;718;525;1694;1169;267
2014;49;18;21;88;67;-31
2015;700;310;595;1605;1010;-390
2016;2439;4307;3934;10680;6746;1868
2017;859;465;361;1685;1324;-394
2019;69;3;6;78;72;-66
2021;261;279;172;712;540;18
2025;61;15;41;117;76;-46
2029;17; ;7;17 7;17 ;-17
2030;292;118;141;551;410;-174
2031;520;839;108;1467;1359;319
2032;253;483;178;914;736;230
2033;119;12;20;151;131;-107
2035;120;13;29;162;133;-107
2038;316;31;84;431;347;-285
2041;17;1;2;20;18;-16
2042;1290;738;989;3017;2028;-552
2043;100;12;16;128;112;-88
2045;39;11;17;67;50;-28
2047;282;48;40;370;330;-234
2048;91;10;16;117;101;-81
2049;1859;1243;2095;5197;3102;-616
2052;140;103;40;283;243;-37
2054;387;184;139;710;571;-203
2057;36;13;38;87;49;-23
2058;343;59;174;576;402;-284
2059;175;229;93;497;404;54
2061;1921;1974;2290;6185;3895;53
2062;292;215;73;580;507;-77
2065;127;194;45;366;321;67
2066;128;62;21;211;190;-66
2067;216;19;20;255;235;-197
2068;318;238;146;702;556;-80
2070;239;51;62;352;290;-188
2071;1203;462;894;2559;1665;-741
2072;276;152;118;546;428;-124
2078;22;9;12;43;31;-13
2079;386;510;222;1118;896;124
2082;267;22;71;360;289;-245
2088;299;93;128;520;392;-206
2089;86;10;21;117;96;-76
2090;417;144;190;751;561;-273
2091;113;23;29;165;136;-90
2093;559;66;166;791;625;-493
2096;47;33;20;100;80;-14
2097;45;15;25;85;60;-30
2102;248;26;36;310;274;-222
2104;288;383;83;754;671;95
2107;1191;1064;978;3233;2255;-127
2108;207;330;26;563;537;123
2110;14;4;10;28;18;-10
2111;10;6;6;22;16;-4
2112;29;24;9;62;53;-5
2113;21;3;27;51;24;-18
2114;61;82;33;176;143;21
2115;185;11;14;210;196;-174
2116;802;326;374;1502;1128;-476
2118;172;84;97;353;256;-88
2121;62;5;14;81;67;-57
2122;287;151;181;619;438;-136
2123;15;9;2;26;24;-6
2126;89;9;13;111;98;-80
2127;39;22;7;68;61;-17
2128;958;1885;1097;3940;2843;927
2131;536;127;260;923;663;-409
2133;2223;1539;2116;5878;3762;-684
2134;129;50;52;231;179;-79
2135;68;132;90;290;200;64
2137;1486;1190;1023;3699;2676;-296
2142;475;92;151;718;567;-383
2147;221;178;101;500;399;-43
2148;1491;1104;1925;4520;2595;-387
2150;1134;450;682;2266;1584;-684
2152;552;673;532;1757;1225;121
2156;1208;1981;2302;5491;3189;773
2158;5763;10515;16324;32602;16278;4752
2163;154;71;63;288;225;-83
2164;489;155;293;937;644;-334
2166;73;7;4;84;80;-66
3001;658;199;174;1031;857;-459
3002;276;140;75;491;416;-136
3006;622;184;402;1208;806;-438
3008;3148;4518;3302;10968;7666;1370
3012;343;43;63;449;386;-300
3016;2968;1109;1989;6066;4077;-1859
3018;370;1352;266;1988;1722;982
3019;442;337;182;961;779;-105
3021;465;281;148;894;746;-184
3022;463;330;133;926;793;-133
3023;678;318;367;1363;996;-360
3024;4832;7159;6293;18284;11991;2327
3025;1687;842;898;3427;2529;-845
3026;1220;793;472;2485;2013;-427
3027;460;89;192;741;549;-371
3030;1012;603;441;2056;1615;-409
3032;3466;2825;2567;8858;6291;-641
3036;762;373;494;1629;1135;-389
3037;442;176;98;716;618;-266
3039;409;129;105;643;538;-280
3040;596;434;226;1256;1030;-162
3041;341;65;105;511;406;-276
3042;140;47;37;224;187;-93
3043;3067;1914;2143;7124;4981;-1153
3044;175;85;28;288;260;-90
3045;447;115;113;675;562;-332
3047;489;389;177;1055;878;-100
3049;1861;942;1433;4236;2803;-919
3051;203;51;29;283;254;-152
3052;553;247;146;946;800;-306
3055;556;380;221;1157;936;-176
3058;1072;318;299;1689;1390;-754
3060;518;126;207;851;644;-392
3062;843;917;408;2168;1760;74
3065;674;400;391;1465;1074;-274
3066;863;1175;511;2549;2038;312
3068;4621;1918;3272;9811;6539;-2703
3069;643;179;119;941;822;-464
3070;761;323;279;1363;1084;-438
3071;1194;1188;617;2999;2382;-6
3073;983;645;744;2372;1628;-338
3076;1619;2703;1211;5533;4322;1084
3077;569;183;217;969;752;-386
3079;1386;691;925;3002;2077;-695
3082;1542;915;853;3310;2457;-627
3083;165;305;133;603;470;140
3084;574;463;406;1443;1037;-111
3088;662;172;259;1093;834;-490
3090;115;6;9;130;121;-109
3091;587;490;224;1301;1077;-97
3093;338;127;146;611;465;-211
3095;909;288;335;1532;1197;-621
3097;516;111;131;758;627;-405
3098;246;187;73;506;433;-59
3100;738;1153;643;2534;1891;415
3103;677;168;230;1075;845;-509
3104;327;84;70;481;411;-243
3106;13847;24980;39028;77855;38827;11133
3108;3955;1974;3260;9189;5929;-1981
3109;803;622;235;1660;1425;-181
3112;259;488;240;987;747;229
3114;851;1226;337;2414;2077;375
3115;332;383;192;907;715;51
3116;548;141;199;888;689;-407
3119;297;176;91;564;473;-121
3120;412;705;441;1558;1117;293
3121;840;598;371;1809;1438;-242
3122;758;863;315;1936;1621;105
3129;360;64;87;511;424;-296
3130;1030;1942;986;3958;2972;912
3131;1805;1477;1234;4516;3282;-328
3133;719;1627;1096;3442;2346;908
3134;263;43;57;363;306;-220
3135;724;2433;432;3589;3157;1709
3138;251;110;67;428;361;-141
3139;522;177;244;943;699;-345
3140;344;69;63;476;413;-275
3141;423;176;125;724;599;-247
3143;916;660;519;2095;1576;-256
3144;223;36;30;289;259;-187
3146;343;131;84;558;474;-212
3149;6376;2160;4527;13063;8536;-4216
3153;404;201;92;697;605;-203
3154;1597;1129;1035;3761;2726;-468
3157;728;604;291;1623;1332;-124
3158;707;227;311;1245;934;-480
3159;339;930;147;1416;1269;591
3164;245;64;41;350;309;-181
4001;24;7;35;66;31;-17
4002;75;28;21;124;103;-47
4003;4145;16545;12038;32728;20690;12400
4004;106;38;23;167;144;-68
4005;40;4;10;54;44;-36
4006;6;5;14;25;11;-1
4007;78;4;11;93;82;-74
4008;269;146;203;618;415;-123
4009;1410;627;1606;3643;2037;-783
4010;402;236;178;816;638;-166
4011;238;123;125;486;361;-115
4012;1554;1378;2364;5296;2932;-176
4013;197;384;199;780;581;187
4014;203;139;102;444;342;-64
4015;57;23;8;88;80;-34
4016;1164;571;655;2390;1735;-593
4017;36;2;13;51;38;-34
4018;110;73;49;232;183;-37
4019;894;668;989;2551;1562;-226
4020;171;38;31;240;209;-133
4021;13;4;2;19;17;-9
4022;1433;471;842;2746;1904;-962
4023;22;43;9;74;65;21
4024;139;37;67;243;176;-102
4025;3808;2558;3001;9367;6366;-1250
4026;49;73;19;141;122;24
4027;168;208;144;520;376;40
4028;2820;969;2543;6332;3789;-1851
4029;5359;6238;9923;21520;11597;879
4030;153;17;20;190;170;-136
4031;5;4;3;12;9;-1
4032;101;8;8;117;109;-93
4033;335;149;207;691;484;-186
4034;2785;1213;2723;6721;3998;-1572
4035;179;119;78;376;298;-60
4036;72;19;59;150;91;-53
4037;1605;1068;1523;4196;2673;-537
4038;11;2;15;28;13;-9
4039;23;2;7;32;25;-21
4040;1960;968;1720;4648;2928;-992
4041;768;1025;905;2698;1793;257
4042;385;52;205;642;437;-333
4043;1074;750;1155;2979;1824;-324
4044;70;4;15;89;74;-66
4045;472;555;291;1318;1027;83
4046;920;745;313;1978;1665;-175
4047;31;8;28;67;39;-23
4048;119;23;23;165;142;-96
4049;464;273;282;1019;737;-191
4050;87;42;76;205;129;-45
4051;282;147;186;615;429;-135
4052;126;55;21;202;181;-71
4053;3;6;9;18;9;3
4054;34;1;5;40;35;-33
4055;326;213;77;616;539;-113
4056;194;81;261;536;275;-113
4057;139;23;109;271;162;-116
4058;225;136;123;484;361;-89
4059;1536;956;1394;3886;2492;-580
4060;15;8;19;42;23;-7
4061;2000;685;2014;4699;2685;-1315
4062;611;527;534;1672;1138;-84
4063;169;63;39;271;232;-106
4064;1816;1545;861;4222;3361;-271
4065;734;476;492;1702;1210;-258
4066;1032;1635;1865;4532;2667;603
4067;2284;3052;2562;7898;5336;768
4068;974;351;946;2271;1325;-623
4069;73;14;12;99;87;-59
4070;23;19;20;62;42;-4
4071;258;103;139;500;361;-155
4072;723;511;369;1603;1234;-212
4073;353;478;769;1600;831;125
4074;224;325;314;863;549;101
4075;938;515;790;2243;1453;-423
4076;125;45;60;230;170;-80
4077;48;14;18;80;62;-34
4078;5458;22427;23310;51195;27885;16969
4079;433;247;553;1233;680;-186
4080;1330;879;673;2882;2209;-451
4081;1028;621;1432;3081;1649;-407
4082;1712;1754;1875;5341;3466;42
4083;8;3;18;29;11;-5
4084;179;94;134;407;273;-85
4085;580;194;468;1242;774;-386
4086;410;384;434;1228;794;-26
4087;235;75;38;348;310;-160
4088;98;27;35;160;125;-71
4089;3861;5597;9555;19013;9458;1736
4090;181;77;135;393;258;-104
4091;474;147;247;868;621;-327
4092;94;24;27;145;118;-70
4093;314;30;35;379;344;-284
4094;185;33;21;239;218;-152
4095;436;354;988;1778;790;-82
4096;817;754;738;2309;1571;-63
4097;71;16;37;124;87;-55
4098;66;2;12;80;68;-64
4099;736;759;396;1891;1495;23
4100;833;818;289;1940;1651;-15
4101;1520;1010;486;3016;2530;-510
4102;21;5;11;37;26;-16
4103;24;4;4;32;28;-20
4104;338;559;507;1404;897;221
4105;814;628;592;2034;1442;-186
4106;145;75;66;286;220;-70
4107;263;204;162;629;467;-59
4108;238;428;149;815;666;190
4109;53;21;12;86;74;-32
4110;212;222;421;855;434;10
4111;67;13;20;100;80;-54
4112;13;9; ;22 ;22;-4
4113;841;189;269;1299;1030;-652
4114;624;551;466;1641;1175;-73
4115;342;90;348;780;432;-252
4116;1367;742;645;2754;2109;-625
4117;867;807;886;2560;1674;-60
4118;507;235;263;1005;742;-272
4119;3;8;17;28;11;5
4120;72;7;21;100;79;-65
4121;245;62;123;430;307;-183
4122;92;28;26;146;120;-64
4123;94;41;27;162;135;-53
4124;56;3;15;74;59;-53
4125;209;77;70;356;286;-132
4126;558;82;152;792;640;-476
4127;23;7;1;31;30;-16
4128;494;367;274;1135;861;-127
4129;244;269;68;581;513;25
4130;2774;7287;8855;18916;10061;4513
4131;140;140;134;414;280;0
4132;486;253;597;1336;739;-233
4133;1248;376;1255;2879;1624;-872
4134;175;13;82;270;188;-162
4135;302;42;53;397;344;-260
4136;269;189;157;615;458;-80
4137;217;21;33;271;238;-196
4138;92;10;11;113;102;-82
4139;162;42;54;258;204;-120
4140;540;243;231;1014;783;-297
4141;77;76;22;175;153;-1
4142;787;873;465;2125;1660;86
4143;1088;688;1055;2831;1776;-400
4144;647;279;437;1363;926;-368
4145;143;99;206;448;242;-44
4146;283;181;209;673;464;-102
4147;995;286;822;2103;1281;-709
4148;908;899;924;2731;1807;-9
4149;145;33;82;260;178;-112
4150;110;38;70;218;148;-72
4151;306;304;163;773;610;-2
4152;374;213;184;771;587;-161
4153;133;177;75;385;310;44
4154;9;7;9;25;16;-2
4155;220;111;343;674;331;-109
4156;19;6;5;30;25;-13
4157;694;134;618;1446;828;-560
4158;220;66;88;374;286;-154
4159;43;45;44;132;88;2
4160;87;14;12;113;101;-73
4161;100;6;59;165;106;-94
4162;46;4;3;53;50;-42
4163;1787;692;1272;3751;2479;-1095
4164;83;53;44;180;136;-30
4165;808;481;416;1705;1289;-327
4166;883;504;647;2034;1387;-379
4167;15;5;23;43;20;-10
4168;583;404;165;1152;987;-179
4169;299;194;154;647;493;-105
4170;1371;377;513;2261;1748;-994
4171;382;170;187;739;552;-212
4172;7;10;39;56;17;3
4173;78;50;25;153;128;-28
4174;21;26;46;93;47;5
4175;189;70;35;294;259;-119
4176;624;324;400;1348;948;-300
4177;222;28;99;349;250;-194
4178;117;48;66;231;165;-69
4179;2524;1261;2660;6445;3785;-1263
4180;1095;915;1296;3306;2010;-180
4181;379;58;172;609;437;-321
4182;49;3;2;54;52;-46
4183;32;12;5;49;44;-20
4184;28;294;4;326;322;266
4185;700;387;594;1681;1087;-313
4186;85;60;85;230;145;-25
4187;646;221;203;1070;867;-425
4188;44;9;6;59;53;-35
4189;491;269;326;1086;760;-222
4190;611;251;426;1288;862;-360
4191;343;152;80;575;495;-191
4192;1060;337;469;1866;1397;-723
4193;49;47;45;141;96;-2
4194;719;618;238;1575;1337;-101
4195;131;24;56;211;155;-107
4196;384;239;164;787;623;-145
4197;269;607;226;1102;876;338
4198;132;46;48;226;178;-86
4199;190;84;65;339;274;-106
4200;72;4;10;86;76;-68
4201;406;75;207;688;481;-331
4202;217;167;155;539;384;-50
4203;2945;6267;5799;15011;9212;3322
4204;25;1;22;48;26;-24
4205;165;120;306;591;285;-45
4206;66;7;12;85;73;-59
4207;114;96;66;276;210;-18
4208;1007;380;510;1897;1387;-627
4209;590;344;644;1578;934;-246
4210;579;422;395;1396;1001;-157
4211;761;375;589;1725;1136;-386
4212;979;1017;536;2532;1996;38
4213;983;640;1182;2805;1623;-343
4214;542;77;154;773;619;-465
4215;3638;6105;7520;17263;9743;2467
4216;83;15;13;111;98;-68
4217;586;345;580;1511;931;-241
4218;204;218;128;550;422;14
4219;102;31;47;180;133;-71
4220;179;90;75;344;269;-89
4221;120;16;55;191;136;-104
4222;1929;758;1416;4103;2687;-1171
4223;922;587;607;2116;1509;-335
4224;20;53;23;96;73;33
4225;836;225;333;1394;1061;-611
4226;61;22;17;100;83;-39
4227;155;48;46;249;203;-107
4228;190;550;209;949;740;360
4229;16;1;4;21;17;-15
4230;285;172;188;645;457;-113
4231;128;29;57;214;157;-99
4232;628;438;556;1622;1066;-190
4233;262;117;153;532;379;-145
4234;274;92;121;487;366;-182
4235;24;9;4;37;33;-15
4236;15;2;4;21;17;-13
4237;438;227;291;956;665;-211
4238;223;426;82;731;649;203
4239;338;109;243;690;447;-229
4240;1783;1432;1704;4919;3215;-351
4241;793;530;428;1751;1323;-263
4242;1024;341;635;2000;1365;-683
4243;1143;275;338;1756;1418;-868
4244;702;586;763;2051;1288;-116
4245;1599;1052;1378;4029;2651;-547
4246;197;83;120;400;280;-114
4247;544;286;271;1101;830;-258
4248;118;158;189;465;276;40
4249;95;18;63;176;113;-77
4250;180;77;130;387;257;-103
5001;470;324;303;1097;794;-146
5002;164;136;96;396;300;-28
5003;351;101;89;541;452;-250
5004;195;42;61;298;237;-153
5005;7739;12801;29481;50021;20540;5062
5006;191;27;15;233;218;-164
5007;318;360;281;959;678;42
5008;113;27;22;162;140;-86
5009;189;29;28;246;218;-160
5010;111;35;39;185;146;-76
5011;178;179;241;598;357;1
5012;902;319;498;1719;1221;-583
5013;555;613;350;1518;1168;58
5014;442;221;159;822;663;-221
5015;350;100;260;710;450;-250
5016;179;24;19;222;203;-155
5017;1759;2474;3500;7733;4233;715
5018;412;175;76;663;587;-237
5019;128;2;9;139;130;-126
5020;166;45;72;283;211;-121
5021;209;19;97;325;228;-190
5022;987;531;898;2416;1518;-456
5023;438;94;123;655;532;-344
5024;158;154;164;476;312;-4
5025;899;1005;552;2456;1904;106
5026;133;26;16;175;159;-107
5027;70;13;19;102;83;-57
5028;636;438;324;1398;1074;-198
5029;272;84;119;475;356;-188
5030;201;341;129;671;542;140
5031;848;918;725;2491;1766;70
5032;93;95;51;239;188;2
5033;277;43;98;418;320;-234
5034;195;140;30;365;335;-55
5035;76;49;8;133;125;-27
5036;257;126;61;444;383;-131
5037;117;23;83;223;140;-94
5038;93;55;10;158;148;-38
5039;144;42;53;239;186;-102
5040;414;122;275;811;536;-292
5041;108;19;37;164;127;-89
5042;302;712;447;1461;1014;410
5044;85;4;8;97;89;-81
5045;120;24;14;158;144;-96
5046;90;28;30;148;118;-62
5047;276;31;33;340;307;-245
5048;165;179;100;444;344;14
5049;238;12;29;279;250;-226
5050;1517;666;1463;3646;2183;-851
5051;188;24;58;270;212;-164
5052;373;276;162;811;649;-97
5053;426;494;309;1229;920;68
5054;150;30;72;252;180;-120
5055;303;62;52;417;365;-241
5056;186;37;59;282;223;-149
5057;181;49;72;302;230;-132
5058;653;471;441;1565;1124;-182
5059;747;452;320;1519;1199;-295
5060;82;37;81;200;119;-45
5061;88;19;34;141;107;-69
5062;181;7;23;211;188;-174
5063;207;39;51;297;246;-168
5064;56;12;19;87;68;-44
5065;244;296;263;803;540;52
5066;536;369;491;1396;905;-167
5067;349;233;161;743;582;-116
5068;224;131;244;599;355;-93
5069;704;663;790;2157;1367;-41
5070;344;44;83;471;388;-300
5071;382;85;106;573;467;-297
5072;79;13;51;143;92;-66
5073;269;170;119;558;439;-99
5074;308;68;55;431;376;-240
5075;355;340;285;980;695;-15
5076;713;505;436;1654;1218;-208
5077;327;219;215;761;546;-108
5079;63;8;19;90;71;-55
5080;1804;2462;3306;7572;4266;658
5081;12;2;6;20;14;-10
5082;160;39;38;237;199;-121
5083;191;40;33;264;231;-151
5084;218;17;32;267;235;-201
5085;101;12;15;128;113;-89
5086;238;82;55;375;320;-156
5087;800;287;259;1346;1087;-513
5088;52;14;23;89;66;-38
5089;538;163;215;916;701;-375
5090;326;27;52;405;353;-299
5091;148;9;13;170;157;-139
5092;153;39;57;249;192;-114
5093;371;37;47;455;408;-334
5094;96;35;38;169;131;-61
5095;96;13;40;149;109;-83
5096;350;288;300;938;638;-62
5097;2234;691;2091;5016;2925;-1543
5098;33;2;24;59;35;-31
5099;295;219;58;572;514;-76
5100;360;342;136;838;702;-18
5101;509;70;125;704;579;-439
5103;252;151;24;427;403;-101
5104;35;5;12;52;40;-30
5105;62;12;48;122;74;-50
5106;201;128;84;413;329;-73
5107;60;5;8;73;65;-55
5108;607;397;224;1228;1004;-210
5109;279;158;134;571;437;-121
5110;63;49;15;127;112;-14
5111;125;8;14;147;133;-117
5112;899;310;383;1592;1209;-589
5113;100;216;187;503;316;116
5114;89;23;12;124;112;-66
5115;366;44;84;494;410;-322
5116;316;159;101;576;475;-157
5117;950;745;659;2354;1695;-205
5118;1395;2778;1828;6001;4173;1383
5119;141;11;23;175;152;-130
5120;243;40;81;364;283;-203
5121;430;229;275;934;659;-201
6001;2407;4328;6671;13406;6735;1921
6002;80;13;22;115;93;-67
6003;8586;16070;34806;59462;24656;7484
6004;258;29;81;368;287;-229
6005;234;99;137;470;333;-135
6006;327;67;109;503;394;-260
6007;167;98;60;325;265;-69
6008;165;63;20;248;228;-102
6009;1735;1047;1182;3964;2782;-688
6010;100;3;22;125;103;-97
6011;452;123;175;750;575;-329
6012;647;836;382;1865;1483;189
6013;631;113;178;922;744;-518
6014;199;577;46;822;776;378
6015;251;74;89;414;325;-177
6016;73;12;15;100;85;-61
6017;495;301;381;1177;796;-194
6018;630;357;287;1274;987;-273
6019;227;96;34;357;323;-131
6020;492;325;288;1105;817;-167
6021;866;580;415;1861;1446;-286
6022;381;85;138;604;466;-296
6023;114;18;24;156;132;-96
6024;138;48;28;214;186;-90
6025;117;37;62;216;154;-80
6026;194;39;38;271;233;-155
6027;267;35;35;337;302;-232
6028;141;74;38;253;215;-67
6029;528;653;397;1578;1181;125
6030;390;518;141;1049;908;128
6031;117;43;27;187;160;-74
6032;149;35;24;208;184;-114
6033;312;90;131;533;402;-222
6034;7;1; ;8 ;8;-6
6035;167;131;83;381;298;-36
6036;189;55;114;358;244;-134
6037;487;173;125;785;660;-314
6038;147;16;32;195;163;-131
6039;4112;8051;12771;24934;12163;3939
6040;333;457;185;975;790;124
6041;28;13;4;45;41;-15
6042;479;776;342;1597;1255;297
6043;699;370;540;1609;1069;-329
6044;261;48;96;405;309;-213
6045;24;16;7;47;40;-8
6046;187;104;32;323;291;-83
6047;1239;1047;983;3269;2286;-192
6048;42;14;8;64;56;-28
6049;618;214;275;1107;832;-404
6050;178;40;30;248;218;-138
6051;640;169;135;944;809;-471
6052;237;78;60;375;315;-159
6053;1409;974;1328;3711;2383;-435
6054;155;23;33;211;178;-132
6055;107;12;28;147;119;-95
6056;212;45;54;311;257;-167
6057;162;74;49;285;236;-88
6058;118;11;19;148;129;-107
6059;345;457;335;1137;802;112
6060;207;487;22;716;694;280
6061;399;226;111;736;625;-173
6062;135;16;46;197;151;-119
6063;359;77;137;573;436;-282
6064;102;9;37;148;111;-93
6065;46;4;19;69;50;-42
6066;53;6;18;77;59;-47
6067;142;52;70;264;194;-90
6068;668;546;452;1666;1214;-122
6069;138;7;22;167;145;-131
6070;213;33;49;295;246;-180
6071;184;38;31;253;222;-146
6072;165;62;61;288;227;-103
6073;529;129;175;833;658;-400
6074;295;68;93;456;363;-227
6075;737;143;257;1137;880;-594
6076;443;294;322;1059;737;-149
6077;270;214;208;692;484;-56
6078;322;54;72;448;376;-268
6079;207;49;92;348;256;-158
6080;75;7;8;90;82;-68
6081;1328;647;931;2906;1975;-681
6082;284;62;58;404;346;-222
6083;110;28;22;160;138;-82
6084;77;4;10;91;81;-73
6085;185;27;42;254;212;-158
6086;109;75;44;228;184;-34
6087;220;110;126;456;330;-110
6088;261;84;127;472;345;-177
6089;358;19;174;551;377;-339
6090;23; ;6;23 6;23 ;-23
6091;440;129;226;795;569;-311
6092;450;78;132;660;528;-372
6093;66;5;14;85;71;-61
6094;412;168;211;791;580;-244
6095;803;172;267;1242;975;-631
6096;223;60;71;354;283;-163
6097;304;138;151;593;442;-166
6098;63;20;23;106;83;-43
6099;82;14;8;104;96;-68
6100;36;10;17;63;46;-26
6101;225;76;51;352;301;-149
6102;81;5;11;97;86;-76
6103;64;7;26;97;71;-57
6104;210;36;75;321;246;-174
6105;133;5;19;157;138;-128
6106;140;64;99;303;204;-76
6107;108;20;22;150;128;-88
6108;108;15;37;160;123;-93
6109;501;150;156;807;651;-351
6110;116;7;29;152;123;-109
6111;198;151;115;464;349;-47
6112;189;103;110;402;292;-86
6113;277;283;305;865;560;6
6114;4897;6613;8152;19662;11510;1716
6115;386;607;300;1293;993;221
6116;126;33;39;198;159;-93
6117;88;6;12;106;94;-82
6118;36;12;15;63;48;-24
6119;125;14;37;176;139;-111
6120;196;157;102;455;353;-39
6121;2074;3181;3350;8605;5255;1107
6122;441;130;195;766;571;-311
6123;483;194;166;843;677;-289
6124;82;7;9;98;89;-75
6125;152;14;38;204;166;-138
6126;234;29;42;305;263;-205
6127;562;64;89;715;626;-498
6128;493;96;97;686;589;-397
6129;416;76;43;535;492;-340
6130;304;79;85;468;383;-225
6131;137;30;36;203;167;-107
6132;1013;465;710;2188;1478;-548
6133;422;251;217;890;673;-171
6134;169;30;65;264;199;-139
6135;119;53;33;205;172;-66
6136;181;69;111;361;250;-112
6137;118;5;29;152;123;-113
6138;1633;899;790;3322;2532;-734
6139;193;20;35;248;213;-173
6140;556;320;368;1244;876;-236
6141;433;368;264;1065;801;-65
6142;415;1059;341;1815;1474;644
6143;178;44;118;340;222;-134
6144;376;286;216;878;662;-90
6145;145;7;11;163;152;-138
6146;28;3;8;39;31;-25
6147;517;118;152;787;635;-399
6148;42;124;30;196;166;82
6149;672;288;199;1159;960;-384
6150;116;56;31;203;172;-60
6151;1054;376;884;2314;1430;-678
6152;222;18;51;291;240;-204
6153;509;607;167;1283;1116;98
6154;1207;363;841;2411;1570;-844
6155;125;188;137;450;313;63
6156;151;48;32;231;199;-103
6157;156;25;16;197;181;-131
6158;486;73;119;678;559;-413
6159;174;146;61;381;320;-28
6160;1650;3070;1414;6134;4720;1420
6161;356;174;232;762;530;-182
6162;639;605;343;1587;1244;-34
6163;546;406;218;1170;952;-140
6164;77;110;17;204;187;33
6165;192;169;197;558;361;-23
6166;117;28;22;167;145;-89
6167;995;317;286;1598;1312;-678
6168;635;163;312;1110;798;-472
6169;552;360;189;1101;912;-192
6170;232;51;74;357;283;-181
6171;363;356;123;842;719;-7
6172;363;220;81;664;583;-143
6173;434;326;234;994;760;-108
6174;3808;7936;9448;21192;11744;4128
6175;109;37;16;162;146;-72
6176;236;33;53;322;269;-203
6177;2024;4648;7482;14154;6672;2624
6178;328;92;107;527;420;-236
6179;240;200;184;624;440;-40
6180;706;526;368;1600;1232;-180
6181;1190;387;463;2040;1577;-803
6182;126;25;48;199;151;-101
6183;342;215;107;664;557;-127
6184;99;3;20;122;102;-96
6185;526;900;392;1818;1426;374
6186;270;116;54;440;386;-154
6187;384;125;178;687;509;-259
6188;387;142;179;708;529;-245
6189;66;15;13;94;81;-51
6190;223;55;87;365;278;-168
7001;102;9;21;132;111;-93
7002;166;131;174;471;297;-35
7003;3607;11651;13784;29042;15258;8044
7004;388;621;301;1310;1009;233
7005;335;103;157;595;438;-232
7006;125;59;57;241;184;-66
7007;119;140;502;761;259;21
7008;810;150;323;1283;960;-660
7009;43;99;6;148;142;56
7010;83;18;41;142;101;-65
7011;428;229;159;816;657;-199
7012;139;188;300;627;327;49
7013;185;49;164;398;234;-136
7014;220;55;116;391;275;-165
7015;366;161;134;661;527;-205
7016;13;18;23;54;31;5
7017;290;165;112;567;455;-125
7018;85;45;78;208;130;-40
7019;935;820;550;2305;1755;-115
7020;1234;1699;1306;4239;2933;465
7021;113;90;588;791;203;-23
7022;171;982;1154;2307;1153;811
7023;918;361;405;1684;1279;-557
7024;160;67;109;336;227;-93
7025;84;13;32;129;97;-71
7026;196;62;83;341;258;-134
7027;701;109;281;1091;810;-592
7028;118;32;83;233;150;-86
7029;125;48;56;229;173;-77
7030;671;445;327;1443;1116;-226
7031;1436;347;551;2334;1783;-1089
7032;49;87;79;215;136;38
7033;95;182;266;543;277;87
7034;399;508;230;1137;907;109
7035;242;94;123;459;336;-148
7036;134;39;73;246;173;-95
7037;522;284;185;991;806;-238
7038;332;82;118;532;414;-250
7039;36;10;13;59;46;-26
7040;634;127;422;1183;761;-507
7041;87;125;311;523;212;38
7042;148;36;70;254;184;-112
7043;809;170;261;1240;979;-639
7044;486;466;621;1573;952;-20
7045;1039;379;639;2057;1418;-660
7046;61;10;19;90;71;-51
7047;69;38;65;172;107;-31
7048;174;58;62;294;232;-116
7049;666;923;238;1827;1589;257
7050;69;14;13;96;83;-55
7051;345;153;121;619;498;-192
7052;953;1668;1057;3678;2621;715
7053;288;165;173;626;453;-123
7054;1594;1220;684;3498;2814;-374
7055;16;15;41;72;31;-1
7056;67;22;30;119;89;-45
7057;458;63;163;684;521;-395
7058;1275;2234;598;4107;3509;959
7059;195;9;16;220;204;-186
7060;479;132;206;817;611;-347
7061;97;41;69;207;138;-56
7062;78;32;29;139;110;-46
7063;1141;401;554;2096;1542;-740
7064;84;135;87;306;219;51
7065;965;1418;1311;3694;2383;453
7066;2087;534;791;3412;2621;-1553
7067;114;54;132;300;168;-60
7068;38;14;42;94;52;-24
7069;234;85;114;433;319;-149
7070;35;17;33;85;52;-18
7071;151;225;909;1285;376;74
7072;435;195;240;870;630;-240
7073;620;1578;748;2946;2198;958
7074;439;581;245;1265;1020;142
8001;74;28;65;167;102;-46
8002;101;26;109;236;127;-75
8003;54;13;14;81;67;-41
8004;41;4;7;52;45;-37
8005;99;12;31;142;111;-87
8006;297;107;202;606;404;-190
8007;51;7;38;96;58;-44
8008;1687;2190;2330;6207;3877;503
8009;100;36;62;198;136;-64
8010;226;126;117;469;352;-100
8011;1509;889;822;3220;2398;-620
8012;114;15;26;155;129;-99
8013;30;8;22;60;38;-22
8014;472;82;127;681;554;-390
8015;60;23;41;124;83;-37
8016;283;50;187;520;333;-233
8017;280;226;154;660;506;-54
8018;118;36;7;161;154;-82
8019;152;211;81;444;363;59
8020;202;274;106;582;476;72
8021;428;126;151;705;554;-302
8022;212;26;72;310;238;-186
8023;55;6;21;82;61;-49
8024;313;86;45;444;399;-227
8025;239;11;39;289;250;-228
8026;859;157;205;1221;1016;-702
8027;1047;1500;1373;3920;2547;453
8028;366;134;150;650;500;-232
8029;402;265;389;1056;667;-137
8030;462;137;166;765;599;-325
8031;3087;7308;16593;26988;10395;4221
8032;180;55;96;331;235;-125
8033;89;17;37;143;106;-72
8034;43;10;24;77;53;-33
8035;102;32;78;212;134;-70
8036;110;14;24;148;124;-96
8037;30;1;6;37;31;-29
8038;41;13;26;80;54;-28
8039;720;428;597;1745;1148;-292
8040;168;36;144;348;204;-132
8041;144;24;110;278;168;-120
8042;253;483;397;1133;736;230
8043;127;92;194;413;219;-35
8044;276;43;108;427;319;-233
8045;861;511;405;1777;1372;-350
8046;118;99;115;332;217;-19
8047;123;21;33;177;144;-102
8048;170;25;62;257;195;-145
8049;106;32;24;162;138;-74
8050;770;442;490;1702;1212;-328
8051;71;26;23;120;97;-45
8052;688;719;644;2051;1407;31
8053;407;84;153;644;491;-323
8054;362;364;232;958;726;2
8055;3517;5214;19944;28675;8731;1697
8056;666;413;346;1425;1079;-253
8057;64;22;38;124;86;-42
8058;326;48;114;488;374;-278
8059;2616;2813;4105;9534;5429;197
8060;90;29;23;142;119;-61
8061;60;29;66;155;89;-31
8062;428;34;146;608;462;-394
8063;1677;1326;1157;4160;3003;-351
8064;125;13;25;163;138;-112
8065;1753;3210;6721;11684;4963;1457
8066;96;11;22;129;107;-85
8067;158;10;46;214;168;-148
9001;1321;2544;3212;7077;3865;1223
9002;3055;5132;8212;16399;8187;2077
9003;1776;947;729;3452;2723;-829
9004;3084;896;1626;5606;3980;-2188
9005;523;797;353;1673;1320;274
9006;1206;732;2091;4029;1938;-474
9007;215;45;68;328;260;-170
9008;254;24;38;316;278;-230
9009;172;36;95;303;208;-136
9010;428;275;117;820;703;-153
9011;1063;104;213;1380;1167;-959
9012;1116;742;834;2692;1858;-374
9013;601;484;352;1437;1085;-117
9014;111;17;32;160;128;-94
9015;2116;3624;4132;9872;5740;1508
9016;639;147;188;974;786;-492
9017;238;114;374;726;352;-124
9018;1508;1600;1157;4265;3108;92
9019;205;26;104;335;231;-179
9020;134;21;22;177;155;-113
9021;43;4;14;61;47;-39
9022;1461;525;939;2925;1986;-936
9023;1007;250;540;1797;1257;-757
9024;1259;767;1225;3251;2026;-492
9025;697;619;343;1659;1316;-78
9026;414;278;114;806;692;-136
9027;478;520;400;1398;998;42
9028;80;3;14;97;83;-77
9029;1492;3571;3698;8761;5063;2079
9030;438;115;161;714;553;-323
9031;324;104;106;534;428;-220
9032;150;6;25;181;156;-144
9033;370;372;380;1122;742;2
9034;2027;2669;2821;7517;4696;642
9035;310;75;104;489;385;-235
9036;371;58;193;622;429;-313
9037;24;15;12;51;39;-9
9038;832;935;786;2553;1767;103
9039;128;63;65;256;191;-65
9040;208;39;138;385;247;-169
9041;61;16;23;100;77;-45
9042;734;198;473;1405;932;-536
9043;72;12;25;109;84;-60
9044;322;62;95;479;384;-260
9045;490;197;299;986;687;-293
9046;109;11;51;171;120;-98
9047;293;89;109;491;382;-204
9048;280;32;45;357;312;-248
9049;1668;2678;2042;6388;4346;1010
9050;286;12;14;312;298;-274
9051;240;36;120;396;276;-204
9052;2586;763;1001;4350;3349;-1823
9053;208;20;34;262;228;-188
9054;293;156;40;489;449;-137
9055;281;216;485;982;497;-65
9056;7146;13722;20961;41829;20868;6576
9057;820;657;790;2267;1477;-163
9058;1014;244;463;1721;1258;-770
9059;293;36;66;395;329;-257
9060;57;4;16;77;61;-53
9061;953;286;396;1635;1239;-667
9062;1046;127;266;1439;1173;-919
9063;116;41;153;310;157;-75
9064;2210;3974;1887;8071;6184;1764
9065;2733;1399;3303;7435;4132;-1334
9066;157;3;15;175;160;-154
9067;367;36;61;464;403;-331
9068;914;700;451;2065;1614;-214
9069;118;91;29;238;209;-27
10001;2861;1812;2632;7305;4673;-1049
10002;1023;276;281;1580;1299;-747
10003;1009;147;375;1531;1156;-862
10004;1434;456;684;2574;1890;-978
10005;552;98;305;955;650;-454
10006;1367;1859;1318;4544;3226;492
10007;1424;1163;993;3580;2587;-261
10008;801;415;615;1831;1216;-386
10009;2243;766;1255;4264;3009;-1477
10010;1170;2282;784;4236;3452;1112
10011;2349;865;1068;4282;3214;-1484
10012;1043;865;629;2537;1908;-178
10013;497;161;223;881;658;-336
10014;1598;592;473;2663;2190;-1006
10015;4936;7878;7648;20462;12814;2942
10016;624;695;583;1902;1319;71
10017;2584;570;1874;5028;3154;-2014
10018;2075;830;742;3647;2905;-1245
10019;81;88;29;198;169;7
10020;149;14;67;230;163;-135
10021;657;129;208;994;786;-528
10022;19;3;7;29;22;-16
10023;134;30;76;240;164;-104
10024;34;8;14;56;42;-26
10025;11133;44480;275274;330887;55613;33347
10026;10;3;14;27;13;-7
10027;438;176;246;860;614;-262
10028;3217;2661;2338;8216;5878;-556
10029;912;229;202;1343;1141;-683
10030;180;19;21;220;199;-161
10031;465;104;167;736;569;-361
10032;1045;240;804;2089;1285;-805
10033;1026;237;349;1612;1263;-789
10034;550;129;201;880;679;-421
10035;1341;421;516;2278;1762;-920
10036;634;489;534;1657;1123;-145
10037;532;182;626;1340;714;-350
10038;45;16;26;87;61;-29
10039;618;158;342;1118;776;-460
10040;721;95;386;1202;816;-626
10041;303;65;69;437;368;-238
10042;217;104;56;377;321;-113
10043;991;191;265;1447;1182;-800
10044;80;429;113;622;509;349
10045;35;2;15;52;37;-33
10046;5193;3190;8050;16433;8383;-2003
10047;2608;1659;2197;6464;4267;-949
10048;101;60;156;317;161;-41
10049;1302;971;903;3176;2273;-331
10050;11;1;5;17;12;-10
10051;820;184;442;1446;1004;-636
10052;51;41;111;203;92;-10
10053;951;378;359;1688;1329;-573
10054;1748;1685;2565;5998;3433;-63
10055;2043;611;847;3501;2654;-1432
10056;152;39;281;472;191;-113
10057;1142;472;498;2112;1614;-670
10058;2856;722;1163;4741;3578;-2134
10059;3277;3774;4743;11794;7051;497
10060;1243;346;766;2355;1589;-897
10061;109;24;90;223;133;-85
10062;584;159;424;1167;743;-425
10063;227;158;41;426;385;-69
10064;702;99;385;1186;801;-603
10065;304;25;66;395;329;-279
10066;122;17;47;186;139;-105
10067;846;258;235;1339;1104;-588
11001;1185;703;681;2569;1888;-482
11002;3360;1456;1430;6246;4816;-1904
11003;889;129;240;1258;1018;-760
11004;2477;849;1347;4673;3326;-1628
11005;177;71;172;420;248;-106
11006;269;191;163;623;460;-78
11007;289;493;332;1114;782;204
11008;317;76;117;510;393;-241
11009;113;32;62;207;145;-81
11010;133;70;36;239;203;-63
11011;2558;777;1240;4575;3335;-1781
11012;261;130;287;678;391;-131
11013;2154;1116;1057;4327;3270;-1038
11014;142;57;70;269;199;-85
11015;6746;20357;37351;64454;27103;13611
11016;2396;1155;1562;5113;3551;-1241
11017;756;464;1741;2961;1220;-292
11018;152;21;46;219;173;-131
11019;188;361;479;1028;549;173
11020;2852;795;1165;4812;3647;-2057
11021;181;43;71;295;224;-138
11022;818;799;664;2281;1617;-19
11023;1233;326;529;2088;1559;-907
11024;280;253;372;905;533;-27
11025;171;131;93;395;302;-40
11026;2791;2018;1533;6342;4809;-773
11027;4521;6792;5843;17156;11313;2271
11028;261;152;258;671;413;-109
11029;274;200;487;961;474;-74
11030;129;141;214;484;270;12
11031;2522;1192;967;4681;3714;-1330
11032;157;17;63;237;174;-140
12001;80;37;34;151;117;-43
12002;2030;1256;817;4103;3286;-774
12003;1707;1108;1063;3878;2815;-599
12004;2797;1362;1726;5885;4159;-1435
12005;1899;960;804;3663;2859;-939
12006;1798;1222;689;3709;3020;-576
12007;309;196;128;633;505;-113
12008;749;448;137;1334;1197;-301
12009;690;399;173;1262;1089;-291
12010;235;76;63;374;311;-159
12011;737;228;313;1278;965;-509
12012;2046;1142;960;4148;3188;-904
12013;3073;2196;1522;6791;5269;-877
12014;1237;2510;501;4248;3747;1273
12015;1156;1399;682;3237;2555;243
12016;841;907;269;2017;1748;66
12017;1260;1065;507;2832;2325;-195
12018;440;44;19;503;484;-396
12019;757;128;172;1057;885;-629
12020;455;159;56;670;614;-296
12021;346;89;95;530;435;-257
12022;462;635;84;1181;1097;173
12023;515;1073;96;1684;1588;558
12024;278;117;163;558;395;-161
12025;1236;1009;396;2641;2245;-227
12026;18972;19638;22855;61465;38610;666
12027;363;216;168;747;579;-147
12028;692;508;245;1445;1200;-184
12029;2912;1247;1192;5351;4159;-1665
12030;1158;760;797;2715;1918;-398
12031;898;728;411;2037;1626;-170
12032;5441;2924;2488;10853;8365;-2517
12033;2744;957;891;4592;3701;-1787
12034;6449;4920;3216;14585;11369;-1529
12035;2000;514;724;3238;2514;-1486
12036;1120;556;321;1997;1676;-564
12037;522;149;84;755;671;-373
12038;1602;633;420;2655;2235;-969
12039;2363;686;830;3879;3049;-1677
12040;7565;4118;4030;15713;11683;-3447
12041;247;132;20;399;379;-115
12042;4831;7757;2284;14872;12588;2926
12043;213;62;49;324;275;-151
12044;524;378;175;1077;902;-146
12045;568;195;274;1037;763;-373
12046;2686;1919;1460;6065;4605;-767
12047;2149;1046;733;3928;3195;-1103
12048;2253;1511;901;4665;3764;-742
12049;330;197;98;625;527;-133
12050;3940;1200;1624;6764;5140;-2740
12051;1413;911;558;2882;2324;-502
12052;460;183;208;851;643;-277
12053;1672;875;687;3234;2547;-797
12054;495;233;140;868;728;-262
12055;1085;911;318;2314;1996;-174
12056;166;25;51;242;191;-141
12057;296;489;41;826;785;193
12058;996;270;485;1751;1266;-726
12059;809;114;298;1221;923;-695
12060;648;529;555;1732;1177;-119
12061;39;6;16;61;45;-33
12062;1057;781;554;2392;1838;-276
12063;588;656;223;1467;1244;68
12064;1276;1788;530;3594;3064;512
12065;330;106;170;606;436;-224
12066;60;4;4;68;64;-56
12067;4540;1966;2088;8594;6506;-2574
12068;2582;5458;1157;9197;8040;2876
12069;247;103;38;388;350;-144
12070;12752;21194;13645;47591;33946;8442
12071;502;316;72;890;818;-186
12072;3002;3486;1683;8171;6488;484
12073;1768;3249;762;5779;5017;1481
12074;1075;887;397;2359;1962;-188
12075;4481;2016;1467;7964;6497;-2465
12076;1045;748;472;2265;1793;-297
12077;982;355;401;1738;1337;-627
12078;1813;860;931;3604;2673;-953
12079;3092;2662;1507;7261;5754;-430
12080;880;609;376;1865;1489;-271
12081;384;199;154;737;583;-185
12082;511;161;87;759;672;-350
12083;3582;1964;1662;7208;5546;-1618
12084;1552;2220;1056;4828;3772;668
12085;1990;1056;861;3907;3046;-934
12086;641;659;1042;2342;1300;18
12087;2366;1399;1671;5436;3765;-967
12088;1359;599;439;2397;1958;-760
12089;2015;906;701;3622;2921;-1109
12090;3729;4557;2717;11003;8286;828
12091;575;265;119;959;840;-310
12092;1818;3829;3589;9236;5647;2011
12093;586;176;92;854;762;-410
12094;351;199;272;822;550;-152
12095;569;705;133;1407;1274;136
12096;4983;1854;3110;9947;6837;-3129
12097;705;511;513;1729;1216;-194
12098;3055;1629;1053;5737;4684;-1426
12099;102;11;26;139;113;-91
12100;127;12;6;145;139;-115
12101;694;233;251;1178;927;-461
12102;412;585;210;1207;997;173
12103;446;63;111;620;509;-383
12104;813;622;251;1686;1435;-191
12105;1708;801;684;3193;2509;-907
12106;1907;1368;863;4138;3275;-539
12107;1789;1136;574;3499;2925;-653
12108;4686;2900;2069;9655;7586;-1786
12109;2990;3966;1270;8226;6956;976
12110;384;36;32;452;420;-348
12111;392;75;44;511;467;-317
12112;26;22;18;66;48;-4
12113;672;315;418;1405;987;-357
12114;661;409;318;1388;1070;-252
12115;341;345;78;764;686;4
12116;529;105;146;780;634;-424
12117;663;446;371;1480;1109;-217
12118;5730;4233;2815;12778;9963;-1497
12119;10544;16028;9957;36529;26572;5484
12120;2818;3808;2696;9322;6626;990
12121;1504;2045;805;4354;3549;541
12122;2008;2458;1012;5478;4466;450
12123;4826;6755;4187;15768;11581;1929
12124;2238;1351;1208;4797;3589;-887
12125;1443;305;469;2217;1748;-1138
12126;996;814;370;2180;1810;-182
12127;4696;7998;4456;17150;12694;3302
12128;1601;506;591;2698;2107;-1095
12129;57;14;5;76;71;-43
12130;3814;1875;2047;7736;5689;-1939
12131;501;127;145;773;628;-374
12132;929;514;310;1753;1443;-415
12133;12309;35864;27125;75298;48173;23555
12134;2443;1280;1164;4887;3723;-1163
12135;35;15;16;66;50;-20
12136;2181;1858;1051;5090;4039;-323
12137;2502;2688;1087;6277;5190;186
12138;2731;2909;1922;7562;5640;178
12139;1277;459;672;2408;1736;-818
12140;317;539;37;893;856;222
12141;682;212;137;1031;894;-470
13003;2359;1377;978;4714;3736;-982
13004;1495;1482;594;3571;2977;-13
13005;1005;205;263;1473;1210;-800
13006;561;494;134;1189;1055;-67
13007;2021;1309;813;4143;3330;-712
13009;795;769;217;1781;1564;-26
13010;2695;2357;1294;6346;5052;-338
13011;205;134;103;442;339;-71
13012;1980;1463;789;4232;3443;-517
13013;1380;704;465;2549;2084;-676
13015;232;40;59;331;272;-192
13019;383;660;1187;2230;1043;277
13021;116;25;9;150;141;-91
13022;943;593;274;1810;1536;-350
13023;1683;472;684;2839;2155;-1211
13024;462;193;158;813;655;-269
13025;104;11;12;127;115;-93
13026;474;147;108;729;621;-327
13028;2494;1174;909;4577;3668;-1320
13029;885;283;313;1481;1168;-602
13030;172;36;16;224;208;-136
13032;703;70;195;968;773;-633
13034;1601;1280;584;3465;2881;-321
13035;2930;2119;1465;6514;5049;-811
13036;2975;1452;1130;5557;4427;-1523
13037;161;47;46;254;208;-114
13038;687;229;226;1142;916;-458
13040;115;244;632;991;359;129
13041;9578;9237;11645;30460;18815;-341
13042;1623;1116;925;3664;2739;-507
13043;2265;709;823;3797;2974;-1556
13044;488;84;59;631;572;-404
13045;1211;745;332;2288;1956;-466
13046;1818;873;684;3375;2691;-945
13047;629;304;436;1369;933;-325
13048;2546;1107;997;4650;3653;-1439
13050;119;93;27;239;212;-26
13052;714;197;178;1089;911;-517
13053;2127;1974;635;4736;4101;-153
13055;1385;900;355;2640;2285;-485
13058;644;410;131;1185;1054;-234
13059;373;120;65;558;493;-253
13060;327;205;198;730;532;-122
13061;1207;362;293;1862;1569;-845
13062;25;19;6;50;44;-6
13063;184;47;38;269;231;-137
13064;3125;1726;1870;6721;4851;-1399
13065;2022;1468;1070;4560;3490;-554
13068;832;552;255;1639;1384;-280
13070;233;81;102;416;314;-152
13071;125;20;29;174;145;-105
13074;207;19;18;244;226;-188
13075;12379;33664;27492;73535;46043;21285
13077;181;47;82;310;228;-134
13083;211;30;51;292;241;-181
13084;1265;838;641;2744;2103;-427
13085;49;13;16;78;62;-36
13087;180;188;51;419;368;8
13089;406;341;231;978;747;-65
13090;826;559;653;2038;1385;-267
13092;60;11;33;104;71;-49
13093;514;89;63;666;603;-425
13095;4324;8504;4218;17046;12828;4180
13097;1134;462;370;1966;1596;-672
13098;514;32;107;653;546;-482
13099;1400;645;559;2604;2045;-755
13100;1308;734;454;2496;2042;-574
13101;1964;1332;1004;4300;3296;-632
13102;3557;2555;1499;7611;6112;-1002
13106;194;76;82;352;270;-118
13107;321;504;169;994;825;183
13109;894;349;268;1511;1243;-545
13110;971;3861;498;5330;4832;2890
13111;337;224;186;747;561;-113
13113;222;170;74;466;392;-52
13114;2093;1777;1071;4941;3870;-316
13118;3331;2488;1621;7440;5819;-843
13119;332;80;92;504;412;-252
13120;146;42;49;237;188;-104
13121;1094;316;297;1707;1410;-778
13122;295;249;228;772;544;-46
13123;210;60;31;301;270;-150
13125;535;588;371;1494;1123;53
13126;509;92;486;1087;601;-417
13128;1871;349;353;2573;2220;-1522
13129;2360;1056;781;4197;3416;-1304
13130;66;6;13;85;72;-60
13131;1738;688;517;2943;2426;-1050
13133;3586;2191;1527;7304;5777;-1395
13134;878;670;135;1683;1548;-208
13135;1173;1170;322;2665;2343;-3
13136;2248;1116;687;4051;3364;-1132
13137;1068;543;262;1873;1611;-525
13138;3268;2106;1828;7202;5374;-1162
13139;264;29;47;340;293;-235
13143;7671;5902;5632;19205;13573;-1769
13144;1002;574;444;2020;1576;-428
13145;548;2099;907;3554;2647;1551
13147;1645;1504;777;3926;3149;-141
13148;401;146;95;642;547;-255
13152;575;148;161;884;723;-427
13153;1045;294;227;1566;1339;-751
13154;1853;2642;726;5221;4495;789
13155;83;22;14;119;105;-61
13157;1165;480;301;1946;1645;-685
13159;2962;1824;1505;6291;4786;-1138
13160;355;100;73;528;455;-255
13161;380;75;141;596;455;-305
13163;1163;1940;452;3555;3103;777
13165;3188;4191;2392;9771;7379;1003
13169;1000;406;270;1676;1406;-594
13170;1235;1277;370;2882;2512;42
13172;310;312;138;760;622;2
13175;686;352;221;1259;1038;-334
13178;47;20;18;85;67;-27
13179;267;134;201;602;401;-133
13183;263;173;150;586;436;-90
13184;70;3;10;83;73;-67
13185;236;57;120;413;293;-179
13186;299;24;58;381;323;-275
13187;72;2;13;87;74;-70
13188;1644;998;702;3344;2642;-646
13189;584;1057;1129;2770;1641;473
13192;394;171;105;670;565;-223
13193;580;384;171;1135;964;-196
13194;107;167;51;325;274;60
13195;150;75;11;236;225;-75
13197;374;64;111;549;438;-310
13199;481;172;223;876;653;-309
13201;2875;1271;1216;5362;4146;-1604
13202;2344;839;864;4047;3183;-1505
13203;172;116;38;326;288;-56
13204;111;67;145;323;178;-44
13205;427;579;363;1369;1006;152
13206;1615;2505;639;4759;4120;890
13207;64;10;13;87;74;-54
13211;228;31;114;373;259;-197
13212;1385;849;511;2745;2234;-536
13215;942;436;266;1644;1378;-506
13216;351;188;226;765;539;-163
13217;198;70;78;346;268;-128
13218;219;26;42;287;245;-193
13222;2324;1513;821;4658;3837;-811
13223;401;231;205;837;632;-170
13225;347;349;217;913;696;2
13226;106;3;10;119;109;-103
13227;3215;2976;1714;7905;6191;-239
13228;1192;769;768;2729;1961;-423
13229;1033;177;335;1545;1210;-856
13232;801;583;396;1780;1384;-218
13233;26;1;6;33;27;-25
13234;198;110;200;508;308;-88
13236;87;26;20;133;113;-61
13238;1244;1047;341;2632;2291;-197
13239;250;31;96;377;281;-219
13242;1475;1617;704;3796;3092;142
13245;2733;2709;1380;6822;5442;-24
13246;41;99;45;185;140;58
13248;489;133;214;836;622;-356
13249;936;962;902;2800;1898;26
14001;107;22;22;151;129;-85
14002;1122;247;393;1762;1369;-875
14003;215;376;53;644;591;161
14004;244;172;530;946;416;-72
14005;1031;367;610;2008;1398;-664
14006;25;2;5;32;27;-23
14007;1225;882;935;3042;2107;-343
14008;431;189;175;795;620;-242
14009;400;2002;1572;3974;2402;1602
14010;627;314;362;1303;941;-313
14011;379;230;126;735;609;-149
14012;162;61;267;490;223;-101
14013;411;34;246;691;445;-377
14014;242;37;38;317;279;-205
14015;511;623;242;1376;1134;112
14016;185;181;47;413;366;-4
14017;335;79;72;486;414;-256
14018;1009;2302;2147;5458;3311;1293
14019;378;372;695;1445;750;-6
14020;761;660;479;1900;1421;-101
14021;163;12;11;186;175;-151
14022;370;53;124;547;423;-317
14023;557;136;197;890;693;-421
14024;1571;1151;1284;4006;2722;-420
14025;174;21;25;220;195;-153
14026;835;1205;787;2827;2040;370
14027;964;809;798;2571;1773;-155
14028;228;80;15;323;308;-148
14029;285;68;121;474;353;-217
14030;222;121;77;420;343;-101
14031;42;20;16;78;62;-22
14032;412;827;470;1709;1239;415
14033;1227;362;938;2527;1589;-865
14034;411;663;402;1476;1074;252
14035;62;144;171;377;206;82
14036;371;67;242;680;438;-304
14037;168;355;3404;3927;523;187
14038;255;151;59;465;406;-104
14039;251;326;125;702;577;75
14040;422;247;87;756;669;-175
14041;322;37;163;522;359;-285
14042;14; ;1;14 1;14 ;-14
14043;573;343;248;1164;916;-230
14044;1187;625;291;2103;1812;-562
14045;2499;4099;3635;10233;6598;1600
14046;531;190;267;988;721;-341
14047;9;3;5;17;12;-6
14048;408;1157;310;1875;1565;749
14049;700;311;345;1356;1011;-389
14050;535;127;288;950;662;-408
14051;690;306;230;1226;996;-384
14052;702;457;441;1600;1159;-245
14053;296;241;45;582;537;-55
14054;882;414;444;1740;1296;-468
14055;99;16;28;143;115;-83
14056;231;306;55;592;537;75
14057;799;224;586;1609;1023;-575
14058;112;38;21;171;150;-74
14059;215;21;26;262;236;-194
14060;619;1085;1379;3083;1704;466
14061;2090;9819;8517;20426;11909;7729
14062;24;1;9;34;25;-23
14063;1298;1034;1223;3555;2332;-264
14064;36;24;29;89;60;-12
14065;997;468;1024;2489;1465;-529
14066;1384;2055;3015;6454;3439;671
14067;225;82;114;421;307;-143
14068;257;184;65;506;441;-73
14069;846;444;533;1823;1290;-402
14070;768;87;183;1038;855;-681
14071;956;228;1072;2256;1184;-728
14072;803;416;978;2197;1219;-387
14073;607;110;637;1354;717;-497
14074;244;33;174;451;277;-211
14075;310;66;154;530;376;-244
14076;88;17;7;112;105;-71
14077;183;64;170;417;247;-119
14078;810;385;630;1825;1195;-425
15002;8322;5764;8499;22585;14086;-2558
15005;1757;1317;947;4021;3074;-440
15007;2617;1238;1179;5034;3855;-1379
15009;6626;5862;3729;16217;12488;-764
15010;4379;2263;2131;8773;6642;-2116
15011;3519;13358;1628;18505;16877;9839
15012;6763;3057;3191;13011;9820;-3706
15014;1652;1363;468;3483;3015;-289
15015;3290;2952;1345;7587;6242;-338
15016;1656;957;544;3157;2613;-699
15019;1153;861;492;2506;2014;-292
15022;785;177;321;1283;962;-608
15024;2547;2145;1424;6116;4692;-402
15026;1453;717;786;2956;2170;-736
15027;12801;7531;6781;27113;20332;-5270
15032;9056;4029;4160;17245;13085;-5027
15035;1096;164;267;1527;1260;-932
15036;11259;5993;5036;22288;17252;-5266
15038;1741;822;821;3384;2563;-919
15040;3681;1173;1338;6192;4854;-2508
15041;5260;1813;2339;9412;7073;-3447
15042;577;522;100;1199;1099;-55
15044;2786;1945;1148;5879;4731;-841
15046;4966;1882;1741;8589;6848;-3084
15050;1921;1618;598;4137;3539;-303
15051;5321;4436;3242;12999;9757;-885
15055;1717;1039;668;3424;2756;-678
15058;2155;839;922;3916;2994;-1316
15059;6229;2499;4113;12841;8728;-3730
15060;5372;4432;2214;12018;9804;-940
15061;888;406;251;1545;1294;-482
15062;3075;3578;2720;9373;6653;503
15070;10317;13910;7193;31420;24227;3593
15071;2278;750;586;3614;3028;-1528
15072;5360;2723;2429;10512;8083;-2637
15074;8782;4791;3926;17499;13573;-3991
15076;6118;1003;2011;9132;7121;-5115
15077;21730;19011;15672;56413;40741;-2719
15078;1852;544;679;3075;2396;-1308
15081;14991;12237;9094;36322;27228;-2754
15082;1001;545;220;1766;1546;-456
15085;6849;4022;3429;14300;10871;-2827
15086;7574;4645;3546;15765;12219;-2929
15087;7496;4763;3698;15957;12259;-2733
15093;11719;10547;5604;27870;22266;-1172
15096;2913;1954;1588;6455;4867;-959
15097;1454;2423;766;4643;3877;969
15098;6587;4721;3021;14329;11308;-1866
15099;2560;583;860;4003;3143;-1977
15101;1315;653;400;2368;1968;-662
15103;3324;2315;1745;7384;5639;-1009
15105;9636;5890;5003;20529;15526;-3746
15106;3964;2538;1511;8013;6502;-1426
15108;7121;5469;4016;16606;12590;-1652
15110;1270;586;325;2181;1856;-684
15112;843;155;209;1207;998;-688
15113;3059;2572;1523;7154;5631;-487
15114;3731;2781;2275;8787;6512;-950
15115;3070;1884;1633;6587;4954;-1186
15116;8601;8912;5531;23044;17513;311
15118;16800;16784;14808;48392;33584;-16
15122;1863;3057;700;5620;4920;1194
15125;4092;1034;1680;6806;5126;-3058
15130;6192;9409;6022;21623;15601;3217
15131;3556;1704;1613;6873;5260;-1852
15134;2252;1410;967;4629;3662;-842
15136;1490;798;500;2788;2288;-692
15139;5368;1420;1899;8687;6788;-3948
15140;5392;4370;3560;13322;9762;-1022
15142;5577;5552;4130;15259;11129;-25
15144;1598;919;555;3072;2517;-679
15146;89746;475238;560333;1125317;564984;385492
15150;473;431;187;1091;904;-42
15151;2749;421;1398;4568;3170;-2328
15154;6354;5640;3050;15044;11994;-714
15155;325;83;31;439;408;-242
15157;7169;5621;3693;16483;12790;-1548
15158;2054;364;624;3042;2418;-1690
15159;4696;4344;2600;11640;9040;-352
15164;1571;1219;747;3537;2790;-352
15165;608;550;218;1376;1158;-58
15166;16476;10318;9370;36164;26794;-6158
15167;2360;1454;1030;4844;3814;-906
15168;9283;5357;5352;19992;14640;-3926
15169;4398;1377;1898;7673;5775;-3021
15170;3708;5913;1998;11619;9621;2205
15171;8855;9774;4439;23068;18629;919
15172;3805;2730;1893;8428;6535;-1075
15173;6697;3747;2418;12862;10444;-2950
15175;12599;7752;7470;27821;20351;-4847
15176;3134;2623;1441;7198;5757;-511
15177;2678;1265;785;4728;3943;-1413
15178;3434;1135;1297;5866;4569;-2299
15179;2742;2628;1272;6642;5370;-114
15181;4944;3496;2833;11273;8440;-1448
15182;14692;16035;12174;42901;30727;1343
15183;1522;958;1157;3637;2480;-564
15184;2901;920;1124;4945;3821;-1981
15185;1920;1741;670;4331;3661;-179
15188;2110;1545;1005;4660;3655;-565
15189;13360;13204;8779;35343;26564;-156
15191;2116;998;1533;4647;3114;-1118
15192;9374;19606;8007;36987;28980;10232
15194;2747;1202;910;4859;3949;-1545
15195;12812;10155;7805;30772;22967;-2657
15200;2091;1130;772;3993;3221;-961
15201;3304;2136;1275;6715;5440;-1168
15202;1962;385;603;2950;2347;-1577
15204;4766;1350;1916;8032;6116;-3416
15205;12006;19091;6779;37876;31097;7085
15206;8023;3908;4000;15931;11931;-4115
15209;23769;22492;15822;62083;46261;-1277
15210;2858;3783;1574;8215;6641;925
15211;7711;7430;3903;19044;15141;-281
15213;5515;3213;2551;11279;8728;-2302
15219;2144;1495;921;4560;3639;-649
15220;7342;8071;4007;19420;15413;729
15221;3807;4172;2552;10531;7979;365
15222;1609;2034;595;4238;3643;425
15224;2649;1623;1063;5335;4272;-1026
15226;2235;1192;1647;5074;3427;-1043
15229;4232;852;1112;6196;5084;-3380
15230;3099;989;1418;5506;4088;-2110
15235;1740;802;677;3219;2542;-938
15236;1440;825;451;2716;2265;-615
15237;3716;3393;1757;8866;7109;-323
15242;6999;5838;2654;15491;12837;-1161
15243;3446;3824;1680;8950;7270;378
15244;1654;1751;630;4035;3405;97
15246;778;168;157;1103;946;-610
15247;2938;1883;1214;6035;4821;-1055
15248;2346;1714;989;5049;4060;-632
15249;2034;1122;894;4050;3156;-912
15250;4324;3478;1614;9416;7802;-846
16001;652;838;543;2033;1490;186
16002;320;85;124;529;405;-235
16003;3232;2477;1513;7222;5709;-755
16004;4809;4488;5376;14673;9297;-321
16005;2062;1389;979;4430;3451;-673
16006;2340;1573;1230;5143;3913;-767
16007;2211;1054;1020;4285;3265;-1157
16008;4861;3065;2589;10515;7926;-1796
16009;1021;679;298;1998;1700;-342
16010;920;1159;703;2782;2079;239
16011;1926;535;756;3217;2461;-1391
16012;1040;446;706;2192;1486;-594
16013;1178;328;393;1899;1506;-850
16014;55;39;8;102;94;-16
16015;210;42;30;282;252;-168
16016;3038;2880;1294;7212;5918;-158
16017;124;32;45;201;156;-92
16018;1773;1962;709;4444;3735;189
16019;310;240;74;624;550;-70
16020;1604;521;742;2867;2125;-1083
16021;869;556;229;1654;1425;-313
16022;303;50;67;420;353;-253
16023;768;165;472;1405;933;-603
16024;19719;68732;41051;129502;88451;49013
16025;497;108;170;775;605;-389
16026;243;22;45;310;265;-221
16027;27;3;8;38;30;-24
16028;2081;1339;1318;4738;3420;-742
16029;2416;857;977;4250;3273;-1559
16030;4139;1185;1303;6627;5324;-2954
16031;2544;1029;1097;4670;3573;-1515
16032;454;436;146;1036;890;-18
16033;309;19;163;491;328;-290
16034;1925;1234;1060;4219;3159;-691
16035;313;81;93;487;394;-232
16036;144;90;197;431;234;-54
16037;3379;1400;1369;6148;4779;-1979
16038;2880;2684;1467;7031;5564;-196
16039;858;878;1389;3125;1736;20
16040;2267;1191;1212;4670;3458;-1076
16041;33;5;9;47;38;-28
16042;2399;1149;963;4511;3548;-1250
16043;1921;2969;1371;6261;4890;1048
16044;1440;1076;1283;3799;2516;-364
16046;2867;1937;1501;6305;4804;-930
16047;1710;719;588;3017;2429;-991
16048;221;65;109;395;286;-156
16049;1549;739;788;3076;2288;-810
16050;524;56;150;730;580;-468
16051;2907;1826;1241;5974;4733;-1081
16052;1277;454;478;2209;1731;-823
16053;4602;3905;4120;12627;8507;-697
16055;1819;1030;847;3696;2849;-789
16056;72;44;65;181;116;-28
16057;1688;1539;877;4104;3227;-149
16058;1190;1092;993;3275;2282;-98
16059;1589;558;661;2808;2147;-1031
16060;1044;1384;708;3136;2428;340
16061;41;4;8;53;45;-37
16062;2906;2516;2474;7896;5422;-390
16063;1142;568;507;2217;1710;-574
16064;739;276;970;1985;1015;-463
16065;596;106;90;792;702;-490
16066;1130;421;380;1931;1551;-709
16067;602;795;307;1704;1397;193
16068;1092;276;359;1727;1368;-816
16069;1360;1605;695;3660;2965;245
16070;1441;1101;805;3347;2542;-340
16071;623;310;224;1157;933;-313
16072;1281;1105;564;2950;2386;-176
16073;1847;1572;1401;4820;3419;-275
16074;2206;2082;1404;5692;4288;-124
16075;2117;2025;1218;5360;4142;-92
16076;1581;802;1247;3630;2383;-779
16077;1818;3398;2541;7757;5216;1580
16078;258;146;282;686;404;-112
16079;3694;1579;2421;7694;5273;-2115
16080;680;718;219;1617;1398;38
16081;1623;1300;893;3816;2923;-323
16082;361;46;143;550;407;-315
16083;746;842;338;1926;1588;96
16084;1321;1235;672;3228;2556;-86
16085;179;9;87;275;188;-170
16086;2824;2349;1944;7117;5173;-475
16087;1350;844;869;3063;2194;-506
16088;1335;788;618;2741;2123;-547
16089;2964;6545;1394;10903;9509;3581
16090;87;11;16;114;98;-76
16091;7626;9253;5452;22331;16879;1627
16092;327;45;132;504;372;-282
16093;1019;1092;716;2827;2111;73
16094;719;382;274;1375;1101;-337
16096;2925;1002;1528;5455;3927;-1923
16097;587;217;115;919;804;-370
16098;1246;1898;594;3738;3144;652
16099;434;42;110;586;476;-392
16100;1250;925;415;2590;2175;-325
16101;1249;437;939;2625;1686;-812
16102;258;20;50;328;278;-238
16103;40;30;55;125;70;-10
16104;1052;307;683;2042;1359;-745
16105;1265;694;574;2533;1959;-571
16106;69;22;30;121;91;-47
16107;347;55;118;520;402;-292
16108;1714;1339;1187;4240;3053;-375
16109;640;96;191;927;736;-544
16110;307;89;112;508;396;-218
16111;1637;1872;966;4475;3509;235
16112;128;75;61;264;203;-53
16113;1927;1362;1307;4596;3289;-565
16114;1903;1170;881;3954;3073;-733
16115;2907;2629;982;6518;5536;-278
16116;566;127;198;891;693;-439
16117;2204;4516;1618;8338;6720;2312
16118;306;272;287;865;578;-34
16119;386;168;86;640;554;-218
16120;2102;3667;1934;7703;5769;1565
16121;58;26;17;101;84;-32
16122;297;468;59;824;765;171
16123;1819;2164;672;4655;3983;345
16124;1326;975;940;3241;2301;-351
16125;191;238;104;533;429;47
16126;1568;958;620;3146;2526;-610
16127;248;61;130;439;309;-187
16128;1157;4370;1321;6848;5527;3213
16129;934;1055;653;2642;1989;121
16130;458;181;38;677;639;-277
16131;1611;1038;636;3285;2649;-573
16132;2642;2242;1054;5938;4884;-400
16133;3186;2196;2313;7695;5382;-990
16134;55;13;17;85;68;-42
16135;1117;307;490;1914;1424;-810
16136;94;41;11;146;135;-53
16137;457;214;166;837;671;-243
16139;1329;648;515;2492;1977;-681
16140;994;366;463;1823;1360;-628
16141;919;1144;640;2703;2063;225
16142;1546;737;1037;3320;2283;-809
16143;3292;1739;999;6030;5031;-1553
16144;4003;3050;2220;9273;7053;-953
16145;144;237;100;481;381;93
16146;216;81;241;538;297;-135
16147;69;13;2;84;82;-56
16148;246;16;55;317;262;-230
16149;250;283;112;645;533;33
16150;692;5412;285;6389;6104;4720
16151;55;12;12;79;67;-43
16152;2053;1671;1013;4737;3724;-382
16153;4229;3191;2392;9812;7420;-1038
16154;728;570;381;1679;1298;-158
16155;1750;561;546;2857;2311;-1189
16156;1998;576;535;3109;2574;-1422
16157;1874;697;1373;3944;2571;-1177
16158;861;549;623;2033;1410;-312
16159;106;10;24;140;116;-96
16160;2405;2496;1046;5947;4901;91
16161;732;135;271;1138;867;-597
16162;581;233;182;996;814;-348
16163;466;453;152;1071;919;-13
16164;427;286;233;946;713;-141
16165;111;24;71;206;135;-87
16166;32;5;4;41;37;-27
16167;705;751;213;1669;1456;46
16168;547;853;336;1736;1400;306
16169;2804;742;889;4435;3546;-2062
16170;4403;3668;1678;9749;8071;-735
16171;1246;604;522;2372;1850;-642
16172;1751;1760;1026;4537;3511;9
16173;1749;425;832;3006;2174;-1324
16174;616;183;402;1201;799;-433
16175;465;30;132;627;495;-435
16176;1953;3101;826;5880;5054;1148
16177;498;156;378;1032;654;-342
16178;2368;1450;905;4723;3818;-918
16179;508;81;85;674;589;-427
16180;340;51;62;453;391;-289
16182;1355;1258;808;3421;2613;-97
16183;4775;4598;5075;14448;9373;-177
16184;122;15;53;190;137;-107
16185;276;29;118;423;305;-247
16186;256;30;98;384;286;-226
16187;1326;697;778;2801;2023;-629
16188;1521;859;1202;3582;2380;-662
16189;1984;2643;1292;5919;4627;659
16190;1230;2019;1207;4456;3249;789
16191;175;68;83;326;243;-107
16192;916;696;946;2558;1612;-220
16193;1994;2069;1401;5464;4063;75
16194;3955;1835;1716;7506;5790;-2120
16195;239;117;328;684;356;-122
16196;913;302;425;1640;1215;-611
16197;511;154;525;1190;665;-357
16198;9119;8299;4787;22205;17418;-820
16199;581;177;489;1247;758;-404
16200;557;241;270;1068;798;-316
16201;294;230;81;605;524;-64
16202;3659;719;1404;5782;4378;-2940
16203;1886;674;694;3254;2560;-1212
16204;1766;770;987;3523;2536;-996
16205;453;152;103;708;605;-301
16206;2128;841;1139;4108;2969;-1287
16207;5216;4088;2502;11806;9304;-1128
16208;502;67;100;669;569;-435
16209;1405;1337;785;3527;2742;-68
16210;136;32;132;300;168;-104
16211;666;284;429;1379;950;-382
16212;1383;1755;1164;4302;3138;372
16213;3349;1327;1383;6059;4676;-2022
16214;3443;1474;1091;6008;4917;-1969
16216;1061;665;319;2045;1726;-396
16217;378;135;174;687;513;-243
16218;2644;5285;2459;10388;7929;2641
16219;6746;13706;8518;28970;20452;6960
16220;4251;3025;1844;9120;7276;-1226
16221;649;57;135;841;706;-592
16222;2997;1978;2431;7406;4975;-1019
16223;206;67;275;548;273;-139
16224;1698;2404;540;4642;4102;706
16225;198;32;90;320;230;-166
16226;30;21;22;73;51;-9
16227;61;127;18;206;188;66
16228;163;5;34;202;168;-158
16229;77;11;35;123;88;-66
16230;34;22;32;88;56;-12
16232;2747;2454;1453;6654;5201;-293
16233;2752;1946;1710;6408;4698;-806
16234;1508;1142;984;3634;2650;-366
16235;413;367;217;997;780;-46
16236;558;197;93;848;755;-361
16237;181;29;106;316;210;-152
16238;1672;1165;907;3744;2837;-507
16239;2572;1106;1234;4912;3678;-1466
16240;2762;834;1109;4705;3596;-1928
16241;675;673;361;1709;1348;-2
16242;2455;1917;1854;6226;4372;-538
16243;242;266;517;1025;508;24
16244;1063;298;389;1750;1361;-765
16245;3287;1739;1495;6521;5026;-1548
16246;2284;2460;2574;7318;4744;176
16247;266;155;172;593;421;-111
16248;288;301;54;643;589;13
16249;102;3;12;117;105;-99
16250;943;1496;380;2819;2439;553
16251;924;310;228;1462;1234;-614
17001;482;249;385;1116;731;-233
17002;2176;3311;1671;7158;5487;1135
17003;500;453;474;1427;953;-47
17004;771;449;515;1735;1220;-322
17005;172;23;54;249;195;-149
17006;842;115;358;1315;957;-727
17007;1166;784;684;2634;1950;-382
17008;1253;844;619;2716;2097;-409
17009;3811;1553;3138;8502;5364;-2258
17010;763;200;1046;2009;963;-563
17011;886;366;412;1664;1252;-520
17012;423;149;168;740;572;-274
17013;855;633;517;2005;1488;-222
17014;3442;2460;3087;8989;5902;-982
17015;1008;471;418;1897;1479;-537
17016;474;319;340;1133;793;-155
17017;773;459;548;1780;1232;-314
17018;996;459;762;2217;1455;-537
17019;426;429;346;1201;855;3
17020;1448;566;1265;3279;2014;-882
17021;3164;1421;1967;6552;4585;-1743
17022;543;221;642;1406;764;-322
17023;3816;1361;1998;7175;5177;-2455
17024;621;151;427;1199;772;-470
17025;3028;1228;1102;5358;4256;-1800
17026;694;426;262;1382;1120;-268
17027;268;160;70;498;428;-108
17028;1056;3456;1327;5839;4512;2400
17029;20621;85634;77031;183286;106255;65013
17030;286;40;73;399;326;-246
17031;892;248;343;1483;1140;-644
17032;3341;2905;3695;9941;6246;-436
17033;1352;551;701;2604;1903;-801
17034;2149;1251;2501;5901;3400;-898
17035;758;553;462;1773;1311;-205
17036;109;32;41;182;141;-77
17037;1808;1155;648;3611;2963;-653
17038;2795;1789;2032;6616;4584;-1006
17039;3189;1603;3606;8398;4792;-1586
17040;2921;2424;1809;7154;5345;-497
17041;2184;688;1383;4255;2872;-1496
17042;4972;2140;1893;9005;7112;-2832
17043;3578;3088;2857;9523;6666;-490
17044;452;628;641;1721;1080;176
17045;2116;777;1327;4220;2893;-1339
17046;3670;2371;2225;8266;6041;-1299
17047;349;293;195;837;642;-56
17048;1957;1482;727;4166;3439;-475
17049;256;151;83;490;407;-105
17050;717;417;286;1420;1134;-300
17051;238;89;146;473;327;-149
17052;4349;6313;5360;16022;10662;1964
17053;515;370;363;1248;885;-145
17054;210;21;24;255;231;-189
17055;852;1059;611;2522;1911;207
17056;2768;1714;1771;6253;4482;-1054
17057;1911;962;718;3591;2873;-949
17058;523;65;510;1098;588;-458
17059;2390;1771;1859;6020;4161;-619
17060;1366;263;745;2374;1629;-1103
17061;5532;2508;2765;10805;8040;-3024
17062;2299;2027;1638;5964;4326;-272
17063;414;128;491;1033;542;-286
17064;591;1082;200;1873;1673;491
17065;3537;4907;4411;12855;8444;1370
17066;1840;1300;1276;4416;3140;-540
17067;5355;7887;8271;21513;13242;2532
17068;688;1546;1354;3588;2234;858
17069;2852;3290;1872;8014;6142;438
17070;1497;1736;1282;4515;3233;239
17071;699;190;375;1264;889;-509
17072;3024;3453;1654;8131;6477;429
17073;1245;706;1221;3172;1951;-539
17074;720;1048;569;2337;1768;328
17075;2783;4080;3487;10350;6863;1297
17076;537;381;769;1687;918;-156
17077;3419;2494;2855;8768;5913;-925
17078;4544;2488;5522;12554;7032;-2056
17079;792;445;370;1607;1237;-347
17080;1398;617;1222;3237;2015;-781
17081;5771;3891;3538;13200;9662;-1880
17082;501;731;512;1744;1232;230
17083;137;26;38;201;163;-111
17084;66;11; ;77 ;77;-55
17085;2420;3468;2353;8241;5888;1048
17086;1024;881;1224;3129;1905;-143
17087;184;172;83;439;356;-12
17088;3463;3033;4400;10896;6496;-430
17089;148;478;533;1159;626;330
17090;517;165;477;1159;682;-352
17091;1380;752;729;2861;2132;-628
17092;4494;5181;4313;13988;9675;687
17093;262;174;56;492;436;-88
17094;266;21;54;341;287;-245
17095;87;31;42;160;118;-56
17096;3730;2742;9096;15568;6472;-988
17097;520;1005;269;1794;1525;485
17098;32; ;13;32 13;32 ;-32
17099;1340;498;598;2436;1838;-842
17100;644;350;333;1327;994;-294
17101;762;352;815;1929;1114;-410
17102;1445;1094;1109;3648;2539;-351
17103;3074;4082;3891;11047;7156;1008
17104;1387;1085;1103;3575;2472;-302
17105;249;27;117;393;276;-222
17106;957;419;737;2113;1376;-538
17107;3934;2434;2663;9031;6368;-1500
17108;606;197;343;1146;803;-409
17109;897;398;377;1672;1295;-499
17110;173;18;52;243;191;-155
17111;492;66;355;913;558;-426
17112;1720;837;854;3411;2557;-883
17113;5528;6311;7987;19826;11839;783
17114;1845;1155;1191;4191;3000;-690
17115;296;177;157;630;473;-119
17116;1021;418;411;1850;1439;-603
17117;3513;1535;2565;7613;5048;-1978
17118;717;341;321;1379;1058;-376
17119;1419;892;773;3084;2311;-527
17120;1834;759;751;3344;2593;-1075
17121;399;1444;689;2532;1843;1045
17122;1535;344;827;2706;1879;-1191
17123;1109;902;683;2694;2011;-207
17124;406;61;129;596;467;-345
17125;2691;3850;3890;10431;6541;1159
17126;844;537;466;1847;1381;-307
17127;4666;2798;3266;10730;7464;-1868
17128;514;27;162;703;541;-487
17129;1434;921;709;3064;2355;-513
17130;1476;877;674;3027;2353;-599
17131;64;22;11;97;86;-42
17132;819;559;346;1724;1378;-260
17133;4826;5631;5632;16089;10457;805
17134;1666;1147;891;3704;2813;-519
17135;228;38;56;322;266;-190
17136;2734;2156;1379;6269;4890;-578
17137;752;607;753;2112;1359;-145
17138;1413;506;881;2800;1919;-907
17139;201;19;85;305;220;-182
17140;228;18;98;344;246;-210
17141;506;155;233;894;661;-351
17142;1504;1622;880;4006;3126;118
17143;2288;1935;1801;6024;4223;-353
17144;885;435;625;1945;1320;-450
17145;899;499;360;1758;1398;-400
17146;1341;527;758;2626;1868;-814
17147;2248;860;868;3976;3108;-1388
17148;178;465;590;1233;643;287
17149;1683;1332;1957;4972;3015;-351
17150;2017;714;1594;4325;2731;-1303
17151;1036;545;806;2387;1581;-491
17152;799;717;661;2177;1516;-82
17153;519;253;312;1084;772;-266
17154;125;46;44;215;171;-79
17155;2305;1306;1553;5164;3611;-999
17156;2279;1560;1705;5544;3839;-719
17157;360;50;133;543;410;-310
17158;1231;748;458;2437;1979;-483
17159;1543;677;1800;4020;2220;-866
17160;837;1625;957;3419;2462;788
17161;4324;3740;2758;10822;8064;-584
17162;1549;479;1007;3035;2028;-1070
17163;3251;3378;2039;8668;6629;127
17164;1515;1358;870;3743;2873;-157
17165;3517;4039;1876;9432;7556;522
17166;5218;5098;4485;14801;10316;-120
17167;1390;667;1328;3385;2057;-723
17168;1125;734;994;2853;1859;-391
17169;1007;583;769;2359;1590;-424
17170;2364;4654;2602;9620;7018;2290
17171;1037;650;615;2302;1687;-387
17172;935;419;484;1838;1354;-516
17173;1920;1937;762;4619;3857;17
17174;4260;3589;3398;11247;7849;-671
17175;286;22;56;364;308;-264
17176;443;429;298;1170;872;-14
17177;413;317;335;1065;730;-96
17178;1002;124;534;1660;1126;-878
17179;1817;1500;2237;5554;3317;-317
17180;674;386;228;1288;1060;-288
17181;353;351;198;902;704;-2
17182;733;134;247;1114;867;-599
17183;449;294;234;977;743;-155
17184;228;172;246;646;400;-56
17185;181;71;426;678;252;-110
17186;2414;2265;1422;6101;4679;-149
17187;1807;601;1869;4277;2408;-1206
17188;4267;2827;3351;10445;7094;-1440
17189;386;72;647;1105;458;-314
17190;1753;627;1073;3453;2380;-1126
17191;186;45;93;324;231;-141
17192;1294;310;732;2336;1604;-984
17193;520;81;241;842;601;-439
17194;47;21;19;87;68;-26
17195;1661;3902;2728;8291;5563;2241
17196;1374;490;702;2566;1864;-884
17197;1054;1412;1425;3891;2466;358
17198;358;167;384;909;525;-191
17199;3604;2033;2145;7782;5637;-1571
17200;546;149;241;936;695;-397
17201;1833;1344;1130;4307;3177;-489
17202;205;44;54;303;249;-161
17203;491;905;633;2029;1396;414
17204;2089;1931;2015;6035;4020;-158
17205;321;70;203;594;391;-251
17206;1490;763;896;3149;2253;-727
18001;403;29;53;485;432;-374
18002;96;65;12;173;161;-31
18003;206;82;52;340;288;-124
18004;1548;372;433;2353;1920;-1176
18005;507;620;231;1358;1127;113
18006;152;119;56;327;271;-33
18007;236;60;51;347;296;-176
18008;372;69;73;514;441;-303
18009;685;69;221;975;754;-616
18010;74;8;2;84;82;-66
18011;406;139;110;655;545;-267
18012;312;22;25;359;334;-290
18013;2003;964;1260;4227;2967;-1039
18014;1014;335;459;1808;1349;-679
18015;1428;160;297;1885;1588;-1268
18016;397;211;232;840;608;-186
18017;140;25;60;225;165;-115
18018;386;220;142;748;606;-166
18019;1374;235;305;1914;1609;-1139
18020;266;268;54;588;534;2
18021;82;12;62;156;94;-70
18022;255;51;95;401;306;-204
18023;1338;560;505;2403;1898;-778
18024;2438;2043;1837;6318;4481;-395
18025;44;30;7;81;74;-14
18026;379;184;81;644;563;-195
18027;470;302;287;1059;772;-168
18028;24;12;8;44;36;-12
18029;458;209;208;875;667;-249
18030;638;218;193;1049;856;-420
18031;210;200;24;434;410;-10
18032;354;142;87;583;496;-212
18033;834;725;342;1901;1559;-109
18034;2932;1023;1707;5662;3955;-1909
18035;2485;693;1245;4423;3178;-1792
18036;263;44;74;381;307;-219
18037;1836;1826;1337;4999;3662;-10
18038;417;234;98;749;651;-183
18039;431;305;162;898;736;-126
18040;183;136;66;385;319;-47
18041;2764;760;1003;4527;3524;-2004
18042;83;36;28;147;119;-47
18043;1072;57;141;1270;1129;-1015
18044;68;11;9;88;79;-57
18045;277;44;68;389;321;-233
18046;2177;532;775;3484;2709;-1645
18047;373;101;188;662;474;-272
18048;1240;528;783;2551;1768;-712
18049;468;462;135;1065;930;-6
18050;1758;680;1197;3635;2438;-1078
18051;388;436;83;907;824;48
18052;436;331;331;1098;767;-105
18053;747;254;223;1224;1001;-493
18054;259;118;94;471;377;-141
18055;270;45;40;355;315;-225
18056;621;1341;607;2569;1962;720
18057;331;149;108;588;480;-182
18058;137;67;37;241;204;-70
18059;122;29;18;169;151;-93
18060;2220;1078;608;3906;3298;-1142
18061;1200;740;1066;3006;1940;-460
18062;354;394;184;932;748;40
18063;372;121;52;545;493;-251
18064;82;21;48;151;103;-61
18065;356;208;178;742;564;-148
18066;68;19;23;110;87;-49
18067;73;38;16;127;111;-35
18068;3323;1007;1868;6198;4330;-2316
18069;2534;1208;2158;5900;3742;-1326
18070;147;58;27;232;205;-89
18071;603;133;209;945;736;-470
18072;2155;645;734;3534;2800;-1510
18073;1073;770;490;2333;1843;-303
18074;60;10;27;97;70;-50
18075;1101;357;320;1778;1458;-744
18076;1410;770;949;3129;2180;-640
18077;565;147;145;857;712;-418
18078;2425;1131;1077;4633;3556;-1294
18079;141;31;32;204;172;-110
18080;517;270;132;919;787;-247
18081;1276;170;329;1775;1446;-1106
18082;42;13;20;75;55;-29
18083;650;264;346;1260;914;-386
18084;855;236;324;1415;1091;-619
18085;620;134;260;1014;754;-486
18086;1088;374;347;1809;1462;-714
18087;695;365;233;1293;1060;-330
18088;1509;698;1731;3938;2207;-811
18089;85;39;21;145;124;-46
18090;394;270;133;797;664;-124
18091;204;10;32;246;214;-194
18092;565;180;191;936;745;-385
18093;1188;363;693;2244;1551;-825
18094;238;55;185;478;293;-183
18095;614;1294;196;2104;1908;680
18096;174;58;101;333;232;-116
18097;143;445;43;631;588;302
18098;98;4;22;124;102;-94
18099;200;45;85;330;245;-155
18100;497;252;322;1071;749;-245
18101;224;57;87;368;281;-167
18102;3493;3976;4175;11644;7469;483
18103;110;31;19;160;141;-79
18104;338;45;60;443;383;-293
18105;53;16;10;79;69;-37
18106;366;138;177;681;504;-228
18107;573;181;280;1034;754;-392
18108;130;35;23;188;165;-95
18109;606;1260;363;2229;1866;654
18110;9829;36558;25146;71533;46387;26729
18111;313;71;117;501;384;-242
18112;359;108;108;575;467;-251
18113;545;413;426;1384;958;-132
18114;779;386;515;1680;1165;-393
18115;572;277;266;1115;849;-295
18116;294;36;46;376;330;-258
18117;207;159;133;499;366;-48
18118;685;942;190;1817;1627;257
18119;141;111;40;292;252;-30
18120;388;240;108;736;628;-148
18121;616;348;166;1130;964;-268
18122;1734;1181;970;3885;2915;-553
18123;1309;710;1656;3675;2019;-599
18124;229;58;40;327;287;-171
18125;20;40;7;67;60;20
18126;61;17;18;96;78;-44
18127;428;17;14;459;445;-411
18128;102;25;85;212;127;-77
18129;792;60;73;925;852;-732
18130;185;46;50;281;231;-139
18131;227;94;157;478;321;-133
18132;145;73;161;379;218;-72
18133;221;232;55;508;453;11
18134;218;59;85;362;277;-159
18135;1713;600;462;2775;2313;-1113
18136;380;114;142;636;494;-266
18137;2403;2056;850;5309;4459;-347
18138;1134;2040;1621;4795;3174;906
18139;698;276;293;1267;974;-422
18140;552;191;196;939;743;-361
18141;492;139;57;688;631;-353
18142;100;16;58;174;116;-84
18143;560;458;588;1606;1018;-102
18144;340;40;96;476;380;-300
18145;186;40;49;275;226;-146
18146;427;259;303;989;686;-168
18147;373;119;85;577;492;-254
18148;80;16;18;114;96;-64
18149;261;76;63;400;337;-185
18150;2278;1881;1248;5407;4159;-397
18151;485;98;118;701;583;-387
18152;259;124;25;408;383;-135
18153;2894;2961;2876;8731;5855;67
18154;217;37;40;294;254;-180
18155;593;303;267;1163;896;-290
18156;247;60;50;357;307;-187
18157;538;26;59;623;564;-512
18158;148;29;26;203;177;-119
18159;1144;571;333;2048;1715;-573
18160;1569;288;561;2418;1857;-1281
18161;359;153;68;580;512;-206
18162;2129;304;414;2847;2433;-1825
18163;860;369;288;1517;1229;-491
18164;1276;368;624;2268;1644;-908
18165;496;54;102;652;550;-442
18166;185;29;52;266;214;-156
18167;77;32;20;129;109;-45
18168;467;417;480;1364;884;-50
18169;781;300;112;1193;1081;-481
18170;66;12;27;105;78;-54
18171;503;527;819;1849;1030;24
18172;28;45;15;88;73;17
18173;1444;327;410;2181;1771;-1117
18174;179;27;6;212;206;-152
18175;455;140;151;746;595;-315
18176;2423;617;1128;4168;3040;-1806
18177;9633;8394;20629;38656;18027;-1239
18178;27;13;5;45;40;-14
18179;315;353;80;748;668;38
18180;1046;590;547;2183;1636;-456
18181;695;69;171;935;764;-626
18182;6574;8322;12283;27179;14896;1748
18183;53;9;16;78;62;-44
18184;143;102;234;479;245;-41
18185;790;323;226;1339;1113;-467
18186;357;43;121;521;400;-314
18187;217;46;41;304;263;-171
18188;158;34;26;218;192;-124
18189;658;48;176;882;706;-610
18190;1214;270;455;1939;1484;-944
19001;529;197;153;879;726;-332
19002;1421;466;721;2608;1887;-955
19003;710;179;299;1188;889;-531
19004;271;51;59;381;322;-220
19005;1700;1502;864;4066;3202;-198
19006;743;182;150;1075;925;-561
19007;251;150;71;472;401;-101
19008;145;43;48;236;188;-102
19009;387;159;221;767;546;-228
19010;428;214;236;878;642;-214
19011;365;179;57;601;544;-186
19012;1026;412;225;1663;1438;-614
19013;225;219;65;509;444;-6
19014;179;35;59;273;214;-144
19015;969;210;343;1522;1179;-759
19016;1035;649;880;2564;1684;-386
19017;641;415;381;1437;1056;-226
19018;482;160;151;793;642;-322
19019;220;64;63;347;284;-156
19020;776;229;238;1243;1005;-547
19021;2922;3332;5129;11383;6254;410
19022;483;450;308;1241;933;-33
19023;217;42;55;314;259;-175
19024;197;71;45;313;268;-126
19025;2273;1700;2672;6645;3973;-573
19026;2123;1307;1124;4554;3430;-816
19027;101;47;44;192;148;-54
19028;211;69;49;329;280;-142
19029;981;597;330;1908;1578;-384
19030;420;159;113;692;579;-261
19031;388;369;202;959;757;-19
19032;450;147;112;709;597;-303
19033;442;434;249;1125;876;-8
19034;632;299;250;1181;931;-333
19035;6801;15183;10346;32330;21984;8382
19036;7358;20370;27814;55542;27728;13012
19037;706;471;217;1394;1177;-235
19038;267;37;62;366;304;-230
19039;185;39;52;276;224;-146
19040;118;14;29;161;132;-104
19041;1392;646;699;2737;2038;-746
19042;207;175;61;443;382;-32
19043;556;274;146;976;830;-282
19044;409;80;110;599;489;-329
19045;273;300;113;686;573;27
19046;738;1130;419;2287;1868;392
19047;361;234;243;838;595;-127
19048;705;99;128;932;804;-606
19049;263;94;55;412;357;-169
19050;481;248;290;1019;729;-233
19051;558;380;347;1285;938;-178
19052;817;375;581;1773;1192;-442
19053;375;125;207;707;500;-250
19054;894;204;280;1378;1098;-690
19055;1177;866;509;2552;2043;-311
19056;731;428;210;1369;1159;-303
19057;812;142;254;1208;954;-670
19058;1095;190;271;1556;1285;-905
19059;1010;260;431;1701;1270;-750
19060;318;150;115;583;468;-168
19061;348;115;124;587;463;-233
19062;1840;1895;1342;5077;3735;55
19063;422;34;72;528;456;-388
19064;816;299;666;1781;1115;-517
19065;483;246;201;930;729;-237
19066;1529;934;596;3059;2463;-595
19067;2863;1251;1913;6027;4114;-1612
19068;1512;321;477;2310;1833;-1191
19069;594;172;267;1033;766;-422
19070;236;162;87;485;398;-74
19071;913;738;789;2440;1651;-175
19072;1153;383;317;1853;1536;-770
19073;499;107;152;758;606;-392
19074;596;69;116;781;665;-527
19075;543;486;296;1325;1029;-57
19076;1831;806;1577;4214;2637;-1025
19077;544;566;324;1434;1110;22
19078;487;84;76;647;571;-403
19079;858;318;233;1409;1176;-540
19080;452;136;103;691;588;-316
19081;1377;596;460;2433;1973;-781
19082;276;38;25;339;314;-238
19083;598;342;426;1366;940;-256
19084;2283;1080;1717;5080;3363;-1203
19085;690;394;486;1570;1084;-296
19086;1011;913;627;2551;1924;-98
19087;511;162;157;830;673;-349
19088;537;645;564;1746;1182;108
19089;452;148;248;848;600;-304
19090;486;997;506;1989;1483;511
19091;206;10;15;231;216;-196
19092;368;251;220;839;619;-117
19093;199;38;73;310;237;-161
19094;1343;501;690;2534;1844;-842
19095;1171;493;506;2170;1664;-678
19096;393;290;82;765;683;-103
19097;1769;1312;2107;5188;3081;-457
19098;1961;1365;2301;5627;3326;-596
19099;791;942;620;2353;1733;151
19100;674;645;214;1533;1319;-29
19101;237;10;61;308;247;-227
19102;2311;750;1550;4611;3061;-1561
19103;570;185;266;1021;755;-385
19104;198;57;34;289;255;-141
19105;216;63;26;305;279;-153
19106;194;77;58;329;271;-117
19107;491;208;364;1063;699;-283
19108;241;35;50;326;276;-206
19109;1024;743;552;2319;1767;-281
19110;510;298;349;1157;808;-212
19111;1358;1139;684;3181;2497;-219
19112;1640;526;745;2911;2166;-1114
19113;1081;824;958;2863;1905;-257
19114;163;116;76;355;279;-47
19115;156;16;23;195;172;-140
20001;783;277;718;1778;1060;-506
20002;1969;2795;3359;8123;4764;826
20003;1581;1502;1493;4576;3083;-79
20004;903;303;293;1499;1206;-600
20005;1084;1190;749;3023;2274;106
20006;236;118;81;435;354;-118
20007;1046;652;968;2666;1698;-394
20008;977;649;1231;2857;1626;-328
20009;346;344;252;942;690;-2
20010;647;463;583;1693;1110;-184
20011;768;683;699;2150;1451;-85
20012;536;347;300;1183;883;-189
20013;876;613;786;2275;1489;-263
20014;1339;632;1175;3146;1971;-707
20015;2348;2256;4802;9406;4604;-92
20016;1402;797;1241;3440;2199;-605
20017;3994;6166;8543;18703;10160;2172
20018;1114;421;869;2404;1535;-693
20019;734;574;748;2056;1308;-160
20020;350;254;207;811;604;-96
20021;5135;2405;2959;10499;7540;-2730
20022;952;651;862;2465;1603;-301
20023;426;106;170;702;532;-320
20024;631;1977;953;3561;2608;1346
20025;610;298;474;1382;908;-312
20026;2858;1133;2495;6486;3991;-1725
20027;2502;1545;2377;6424;4047;-957
20028;1479;1280;1867;4626;2759;-199
20029;490;146;256;892;636;-344
20030;5388;26006;17057;48451;31394;20618
20031;1897;1022;1516;4435;2919;-875
20032;273;124;128;525;397;-149
20033;2192;1189;1873;5254;3381;-1003
20034;1103;857;1091;3051;1960;-246
20035;1543;608;1451;3602;2151;-935
20036;1410;494;1018;2922;1904;-916
20037;958;633;447;2038;1591;-325
20038;1461;1845;1850;5156;3306;384
20039;1648;1698;2106;5452;3346;50
20040;363;624;174;1161;987;261
20041;514;433;388;1335;947;-81
20042;1596;1529;1781;4906;3125;-67
20043;552;608;369;1529;1160;56
20044;833;404;330;1567;1237;-429
20045;5416;2255;3221;10892;7671;-3161
20046;349;68;198;615;417;-281
20047;1262;881;1463;3606;2143;-381
20048;437;90;202;729;527;-347
20049;743;397;478;1618;1140;-346
20050;675;521;619;1815;1196;-154
20051;1578;719;1189;3486;2297;-859
20052;2145;904;1535;4584;3049;-1241
20053;2273;1016;2232;5521;3289;-1257
20054;1227;520;914;2661;1747;-707
20055;1876;616;1765;4257;2492;-1260
20056;502;210;340;1052;712;-292
20057;3774;1423;1684;6881;5197;-2351
20058;413;185;225;823;598;-228
20059;533;164;328;1025;697;-369
20060;383;106;198;687;489;-277
20061;1473;888;1451;3812;2361;-585
20062;484;206;198;888;690;-278
20063;868;558;464;1890;1426;-310
20064;628;344;438;1410;972;-284
20065;3916;4871;6793;15580;8787;955
20066;3029;3648;7428;14105;6677;619
20067;657;448;352;1457;1105;-209
20068;632;327;407;1366;959;-305
20069;3854;1214;2033;7101;5068;-2640
20070;1724;941;2148;4813;2665;-783
21001;534;84;430;1048;618;-450
21002;416;123;200;739;539;-293
21003;107;23;68;198;130;-84
21004;3757;1659;4751;10167;5416;-2098
21005;226;112;219;557;338;-114
21006;331;407;1322;2060;738;76
21007;544;238;405;1187;782;-306
21008;5210;27677;51142;84029;32887;22467
21009;223;74;170;467;297;-149
21010;573;357;517;1447;930;-216
21011;2628;7667;9559;19854;10295;5039
21012;1139;324;488;1951;1463;-815
21013;1530;8989;7559;18078;10519;7459
21014;160;26;89;275;186;-134
21015;1945;954;2432;5331;2899;-991
21016;928;398;619;1945;1326;-530
21017;1175;1364;1951;4490;2539;189
21018;668;273;541;1482;941;-395
21019;1108;762;2316;4186;1870;-346
21020;587;217;291;1095;804;-370
21021;956;502;706;2164;1458;-454
21022;1619;1083;1541;4243;2702;-536
21023;1074;557;827;2458;1631;-517
21024;743;538;717;1998;1281;-205
21025;233;46;109;388;279;-187
21026;188;339;418;945;527;151
21027;335;102;710;1147;437;-233
21028;671;553;1204;2428;1224;-118
21029;1343;2415;1656;5414;3758;1072
21030;1094;201;591;1886;1295;-893
21031;1068;187;875;2130;1255;-881
21032;374;204;155;733;578;-170
21033;753;80;665;1498;833;-673
21034;1225;427;761;2413;1652;-798
21035;728;259;302;1289;987;-469
21036;237;311;224;772;548;74
21037;1209;794;1873;3876;2003;-415
21038;1755;1044;1158;3957;2799;-711
21039;887;257;602;1746;1144;-630
21040;5515;2313;4629;12457;7828;-3202
21041;2965;2486;3866;9317;5451;-479
21042;864;544;1262;2670;1408;-320
21043;59;38;90;187;97;-21
21044;505;48;338;891;553;-457
21045;483;172;313;968;655;-311
21046;827;835;1890;3552;1662;8
21047;463;132;990;1585;595;-331
21048;990;447;472;1909;1437;-543
21049;226;37;198;461;263;-189
21050;496;106;530;1132;602;-390
21051;4472;9933;15846;30251;14405;5461
21052;678;504;916;2098;1182;-174
21053;596;217;394;1207;813;-379
21054;434;95;627;1156;529;-339
21055;722;232;442;1396;954;-490
21056;1256;984;2119;4359;2240;-272
21057;1141;403;670;2214;1544;-738
21058;444;112;613;1169;556;-332
21059;731;244;1390;2365;975;-487
21060;1198;1681;1058;3937;2879;483
21061;618;804;1858;3280;1422;186
21062;1191;281;970;2442;1472;-910
21063;594;193;286;1073;787;-401
21064;279;105;136;520;384;-174
21065;61;103;26;190;164;42
21066;720;483;306;1509;1203;-237
21067;759;486;1045;2290;1245;-273
21068;205;25;123;353;230;-180
21069;66;14;42;122;80;-52
21070;1443;316;1250;3009;1759;-1127
21071;881;217;786;1884;1098;-664
21072;1535;519;2839;4893;2054;-1016
21073;515;121;256;892;636;-394
21074;692;540;1043;2275;1232;-152
21075;404;94;326;824;498;-310
21076;1059;544;1001;2604;1603;-515
21077;487;904;1284;2675;1391;417
21079;908;95;827;1830;1003;-813
21080;834;550;1106;2490;1384;-284
21081;1369;580;944;2893;1949;-789
21082;314;209;571;1094;523;-105
21083;849;468;1018;2335;1317;-381
21084;378;86;381;845;464;-292
21085;480;262;479;1221;742;-218
21086;1389;167;2460;4016;1556;-1222
21087;711;411;801;1923;1122;-300
21088;549;42;301;892;591;-507
21089;369;431;975;1775;800;62
21091;340;48;377;765;388;-292
21092;331;199;718;1248;530;-132
21093;844;2277;2627;5748;3121;1433
21094;489;369;430;1288;858;-120
21095;236;79;260;575;315;-157
21096;615;133;450;1198;748;-482
21097;1315;1137;1091;3543;2452;-178
21098;895;597;1063;2555;1492;-298
21099;552;187;491;1230;739;-365
21100;253;51;216;520;304;-202
21101;622;374;735;1731;996;-248
21102;356;108;185;649;464;-248
21103;210;43;194;447;253;-167
21104;525;108;1012;1645;633;-417
21105;475;373;180;1028;848;-102
21106;866;554;942;2362;1420;-312
21107;1012;272;489;1773;1284;-740
21108;1522;301;1911;3734;1823;-1221
21109;682;57;600;1339;739;-625
21110;973;408;913;2294;1381;-565
21111;1546;1187;1109;3842;2733;-359
21112;303;55;186;544;358;-248
21113;430;222;402;1054;652;-208
21114;662;126;526;1314;788;-536
21115;1092;3010;2448;6550;4102;1918
21116;1047;195;610;1852;1242;-852
21117;290;97;391;778;387;-193
21118;206;86;234;526;292;-120
22001;2534;1177;2667;6378;3711;-1357
22002;412;537;455;1404;949;125
22003;1157;320;740;2217;1477;-837
22004;89;10;21;120;99;-79
22005;122;342;400;864;464;220
22006;3604;4679;6023;14306;8283;1075
22007;1098;507;1238;2843;1605;-591
22009;1461;496;1374;3331;1957;-965
22011;599;58;202;859;657;-541
22012;140;33;14;187;173;-107
22013;1139;268;452;1859;1407;-871
22015;157;49;32;238;206;-108
22017;516;186;300;1002;702;-330
22018;166;33;39;238;199;-133
22019;144;50;38;232;194;-94
22020;268;88;118;474;356;-180
22021;233;39;88;360;272;-194
22022;1561;2593;2238;6392;4154;1032
22023;438;102;83;623;540;-336
22024;250;74;73;397;324;-176
22025;1117;192;954;2263;1309;-925
22026;111;7;20;138;118;-104
22027;220;43;184;447;263;-177
22028;42;7;16;65;49;-35
22029;225;126;136;487;351;-99
22030;168;30;35;233;198;-138
22031;585;321;274;1180;906;-264
22032;524;246;229;999;770;-278
22033;394;86;188;668;480;-308
22034;1406;448;627;2481;1854;-958
22035;752;347;266;1365;1099;-405
22036;190;211;162;563;401;21
22037;570;93;317;980;663;-477
22038;291;173;450;914;464;-118
22039;286;330;796;1412;616;44
22040;191;28;103;322;219;-163
22041;380;143;206;729;523;-237
22042;289;195;233;717;484;-94
22043;234;75;51;360;309;-159
22045;115;7;14;136;122;-108
22046;200;46;123;369;246;-154
22047;737;280;516;1533;1017;-457
22048;352;130;232;714;482;-222
22049;402;495;195;1092;897;93
22050;723;1858;1482;4063;2581;1135
22051;339;230;220;789;569;-109
22052;195;41;55;291;236;-154
22053;1030;293;643;1966;1323;-737
22054;131;6;13;150;137;-125
22055;511;363;476;1350;874;-148
22056;252;52;107;411;304;-200
22057;144;270;64;478;414;126
22058;315;52;114;481;367;-263
22059;131;64;36;231;195;-67
22060;149;39;19;207;188;-110
22061;1646;659;768;3073;2305;-987
22062;1057;4484;2781;8322;5541;3427
22063;210;54;159;423;264;-156
22064;272;106;236;614;378;-166
22066;346;529;459;1334;875;183
22067;435;220;446;1101;655;-215
22068;269;134;120;523;403;-135
22069;232;216;82;530;448;-16
22070;268;44;70;382;312;-224
22071;173;17;64;254;190;-156
22072;240;32;84;356;272;-208
22073;107;130;25;262;237;23
22074;359;329;356;1044;688;-30
22075;307;342;349;998;649;35
22076;89;26;43;158;115;-63
22077;162;41;34;237;203;-121
22078;268;43;47;358;311;-225
22079;1704;715;1035;3454;2419;-989
22080;272;83;53;408;355;-189
22081;244;57;206;507;301;-187
22082;287;72;141;500;359;-215
22083;340;100;216;656;440;-240
22084;151;622;90;863;773;471
22085;179;22;86;287;201;-157
22086;164;96;115;375;260;-68
22087;529;186;969;1684;715;-343
22088;284;733;396;1413;1017;449
22089;521;272;261;1054;793;-249
22090;113;14;21;148;127;-99
22091;173;12;24;209;185;-161
22092;826;128;592;1546;954;-698
22093;275;102;124;501;377;-173
22094;66;2;9;77;68;-64
22095;509;340;654;1503;849;-169
22096;159;44;83;286;203;-115
22097;393;173;191;757;566;-220
22098;1118;584;360;2062;1702;-534
22099;168;59;35;262;227;-109
22100;88;39;14;141;127;-49
22101;654;105;142;901;759;-549
22102;208;121;361;690;329;-87
22103;2836;3210;2447;8493;6046;374
22104;1956;1976;2172;6104;3932;20
22105;213;28;55;296;241;-185
22106;307;92;195;594;399;-215
22108;327;244;148;719;571;-83
22109;51;29;58;138;80;-22
22110;418;568;633;1619;986;150
22111;183;35;36;254;218;-148
22112;57;8;6;71;65;-49
22113;207;33;55;295;240;-174
22114;229;193;231;653;422;-36
22115;490;315;351;1156;805;-175
22116;1537;1278;1416;4231;2815;-259
22117;1924;1971;2043;5938;3895;47
22118;456;442;969;1867;898;-14
22120;230;88;330;648;318;-142
22121;293;183;155;631;476;-110
22122;93;5;10;108;98;-88
22123;3404;1096;2138;6638;4500;-2308
22124;914;476;578;1968;1390;-438
22125;250;40;90;380;290;-210
22126;639;96;224;959;735;-543
22127;902;208;206;1316;1110;-694
22128;527;307;230;1064;834;-220
22129;436;275;180;891;711;-161
22130;312;82;128;522;394;-230
22131;178;547;268;993;725;369
22132;336;100;100;536;436;-236
22133;64;17;12;93;81;-47
22134;340;94;104;538;434;-246
22135;333;107;189;629;440;-226
22136;363;103;560;1026;466;-260
22137;203;222;177;602;425;19
22138;178;28;22;228;206;-150
22139;5564;3455;6695;15714;9019;-2109
22140;350;556;324;1230;906;206
22142;186;179;128;493;365;-7
22143;463;968;1122;2553;1431;505
22144;1187;140;288;1615;1327;-1047
22145;299;776;946;2021;1075;477
22146;152;9;10;171;161;-143
22147;710;990;1694;3394;1700;280
22148;188;135;31;354;323;-53
22149;99;6;12;117;105;-93
22150;350;80;345;775;430;-270
22151;290;97;108;495;387;-193
22152;394;409;295;1098;803;15
22153;3063;5065;5704;13832;8128;2002
22154;289;36;53;378;325;-253
22155;463;115;272;850;578;-348
22156;1005;410;607;2022;1415;-595
22157;174;22;49;245;196;-152
22158;515;166;331;1012;681;-349
22159;150;43;33;226;193;-107
22160;512;217;376;1105;729;-295
22161;5379;13563;15337;34279;18942;8184
22162;136;38;52;226;174;-98
22163;233;42;213;488;275;-191
22164;78;5;4;87;83;-73
22165;234;53;71;358;287;-181
22166;331;84;239;654;415;-247
22167;1171;1460;587;3218;2631;289
22168;459;402;173;1034;861;-57
22169;303;150;255;708;453;-153
22170;283;203;139;625;486;-80
22171;477;783;320;1580;1260;306
22172;533;208;323;1064;741;-325
22173;127;18;22;167;145;-109
22174;337;243;316;896;580;-94
22175;228;26;51;305;254;-202
22176;243;91;192;526;334;-152
22177;281;33;137;451;314;-248
22178;316;12;35;363;328;-304
22179;296;458;323;1077;754;162
22180;420;99;266;785;519;-321
22181;264;44;132;440;308;-220
22182;414;140;193;747;554;-274
22183;863;718;1595;3176;1581;-145
22184;207;164;66;437;371;-43
22185;484;547;263;1294;1031;63
22186;839;847;855;2541;1686;8
22187;661;303;401;1365;964;-358
22188;717;270;391;1378;987;-447
22189;278;24;62;364;302;-254
22190;470;82;120;672;552;-388
22191;807;130;279;1216;937;-677
22192;863;110;282;1255;973;-753
22193;281;22;92;395;303;-259
22194;148;37;34;219;185;-111
22195;268;128;68;464;396;-140
22196;605;785;910;2300;1390;180
22199;549;3168;1448;5165;3717;2619
22200;483;170;257;910;653;-313
22201;441;518;341;1300;959;77
22202;292;54;105;451;346;-238
22203;663;107;120;890;770;-556
22204;694;567;376;1637;1261;-127
22205;6893;34251;58711;99855;41144;27358
22206;289;86;136;511;375;-203
22207;729;343;520;1592;1072;-386
22208;99;3;14;116;102;-96
22209;170;23;60;253;193;-147
22210;482;65;234;781;547;-417
22211;302;100;136;538;402;-202
22212;577;105;160;842;682;-472
22213;443;59;547;1049;502;-384
22214;289;39;90;418;328;-250
22215;832;364;427;1623;1196;-468
22216;87;13;7;107;100;-74
22217;347;212;346;905;559;-135
22219;888;299;494;1681;1187;-589
22220;235;144;61;440;379;-91
22221;453;269;153;875;722;-184
22222;1539;882;713;3134;2421;-657
22223;409;105;91;605;514;-304
22224;1332;641;584;2557;1973;-691
22225;752;177;231;1160;929;-575
22226;490;441;383;1314;931;-49
22227;127;162;39;328;289;35
22228;715;883;892;2490;1598;168
22229;1087;207;1862;3156;1294;-880
23001;681;1891;676;3248;2572;1210
23002;1474;639;1268;3381;2113;-835
23003;700;828;500;2028;1528;128
23004;1880;1310;1590;4780;3190;-570
23005;740;241;724;1705;981;-499
23006;1376;1848;2161;5385;3224;472
23007;872;966;814;2652;1838;94
23008;586;663;424;1673;1249;77
23009;676;290;400;1366;966;-386
23010;522;145;251;918;667;-377
23011;801;286;1040;2127;1087;-515
23012;4395;1786;4562;10743;6181;-2609
23013;355;277;448;1080;632;-78
23014;477;295;797;1569;772;-182
23015;5424;5590;5738;16752;11014;166
23016;2533;1021;1623;5177;3554;-1512
23017;2706;1594;1713;6013;4300;-1112
23018;1875;1048;2514;5437;2923;-827
23019;1587;533;1403;3523;2120;-1054
23020;1032;649;966;2647;1681;-383
23021;3972;1925;2894;8791;5897;-2047
23022;3722;1980;3368;9070;5702;-1742
23023;1859;1233;1335;4427;3092;-626
23024;505;322;327;1154;827;-183
23025;3428;2884;5264;11576;6312;-544
23026;799;220;535;1554;1019;-579
23027;2071;2203;2468;6742;4274;132
23028;2579;3125;2111;7815;5704;546
23029;401;231;151;783;632;-170
23030;1287;578;769;2634;1865;-709
23031;726;661;724;2111;1387;-65
23032;691;175;370;1236;866;-516
23033;141;39;267;447;180;-102
23034;45;31;41;117;76;-14
23035;1087;567;1282;2936;1654;-520
23036;831;1616;1297;3744;2447;785
23037;1420;866;1292;3578;2286;-554
23038;2738;1071;3411;7220;3809;-1667
23039;1581;497;1432;3510;2078;-1084
23040;2382;2457;4057;8896;4839;75
23041;944;772;824;2540;1716;-172
23042;3390;658;1651;5699;4048;-2732
23043;1495;1616;2050;5161;3111;121
23044;3710;8184;8707;20601;11894;4474
23045;378;470;1600;2448;848;92
23046;970;431;870;2271;1401;-539
23047;844;243;477;1564;1087;-601
23048;1241;1316;1160;3717;2557;75
23049;1187;425;1349;2961;1612;-762
23050;2503;763;2192;5458;3266;-1740
23051;2366;1300;1867;5533;3666;-1066
23052;4856;2280;4577;11713;7136;-2576
23053;1867;1717;2623;6207;3584;-150
23054;872;2342;1158;4372;3214;1470
23055;2751;2217;2679;7647;4968;-534
23056;407;107;303;817;514;-300
23057;894;874;768;2536;1768;-20
23058;5414;2239;4497;12150;7653;-3175
23059;2095;3257;2811;8163;5352;1162
23060;2333;876;1792;5001;3209;-1457
23061;909;263;433;1605;1172;-646
23062;779;665;417;1861;1444;-114
23063;1127;196;940;2263;1323;-931
23064;1587;754;1769;4110;2341;-833
23065;768;421;637;1826;1189;-347
23066;517;373;315;1205;890;-144
23067;452;199;620;1271;651;-253
23068;1095;726;838;2659;1821;-369
23069;4074;7108;7066;18248;11182;3034
23070;1274;481;1666;3421;1755;-793
23071;6258;6226;7285;19769;12484;-32
23072;1201;762;868;2831;1963;-439
23073;3897;6323;4235;14455;10220;2426
23074;161;11;128;300;172;-150
23075;847;476;773;2096;1323;-371
23076;4104;2896;3288;10288;7000;-1208
23077;3440;1094;3050;7584;4534;-2346
23078;535;282;880;1697;817;-253
23079;287;87;374;748;374;-200
23080;213;104;264;581;317;-109
23081;2134;1845;1838;5817;3979;-289
23082;4230;3270;4477;11977;7500;-960
23083;5056;2903;4959;12918;7959;-2153
23084;885;646;772;2303;1531;-239
23085;476;167;601;1244;643;-309
23086;579;254;756;1589;833;-325
23087;1172;794;1494;3460;1966;-378
23088;782;702;710;2194;1484;-80
23089;3383;1965;4815;10163;5348;-1418
23090;169;55;247;471;224;-114
23091;20601;65084;109678;195363;85685;44483
23092;1512;1075;1117;3704;2587;-437
23093;759;208;657;1624;967;-551
23094;3365;901;2473;6739;4266;-2464
23095;1418;898;1616;3932;2316;-520
23096;7122;8331;11654;27107;15453;1209
23097;4440;2732;4218;11390;7172;-1708
23098;1530;731;1025;3286;2261;-799
24001;523;218;274;1015;741;-305
24002;625;317;521;1463;942;-308
24003;697;1008;348;2053;1705;311
24004;4305;4194;2913;11412;8499;-111
24005;847;340;510;1697;1187;-507
24006;3152;1669;1452;6273;4821;-1483
24007;695;735;960;2390;1430;40
24008;4063;8283;9978;22324;12346;4220
24009;522;1655;2674;4851;2177;1133
24010;293;166;177;636;459;-127
24011;1343;1196;1221;3760;2539;-147
24012;7488;18704;14537;40729;26192;11216
24013;2449;1254;1434;5137;3703;-1195
24014;2492;2882;2482;7856;5374;390
24015;1753;3314;2115;7182;5067;1561
24016;1153;699;673;2525;1852;-454
24017;1758;534;674;2966;2292;-1224
24018;3800;1558;2676;8034;5358;-2242
24019;1099;267;328;1694;1366;-832
24020;475;71;204;750;546;-404
24021;2993;1821;3291;8105;4814;-1172
24022;520;602;446;1568;1122;82
24023;336;79;105;520;415;-257
24024;1276;1795;793;3864;3071;519
24025;1205;1080;978;3263;2285;-125
24026;5058;3043;3125;11226;8101;-2015
24027;915;881;834;2630;1796;-34
24028;1922;2204;1622;5748;4126;282
24029;3279;2013;4122;9414;5292;-1266
24030;921;715;476;2112;1636;-206
24031;277;98;174;549;375;-179
24032;1082;657;846;2585;1739;-425
24033;565;124;503;1192;689;-441
24034;3830;1968;3009;8807;5798;-1862
24035;2505;1328;1710;5543;3833;-1177
24036;3773;2320;2443;8536;6093;-1453
24037;674;154;149;977;828;-520
24038;4157;2714;3642;10513;6871;-1443
24039;318;42;383;743;360;-276
24040;1367;1051;852;3270;2418;-316
24041;169;52;170;391;221;-117
24042;602;217;603;1422;819;-385
24043;1010;1104;817;2931;2114;94
24044;340;224;132;696;564;-116
24045;696;291;358;1345;987;-405
24046;1399;1966;1053;4418;3365;567
24047;1258;970;896;3124;2228;-288
24048;2996;2402;2602;8000;5398;-594
24049;39;7;4;50;46;-32
24050;82;7;20;109;89;-75
24051;1970;820;1167;3957;2790;-1150
24052;3802;4615;4906;13323;8417;813
24053;1083;758;930;2771;1841;-325
24054;743;192;638;1573;935;-551
24055;4347;2113;4089;10549;6460;-2234
24056;3222;1273;2453;6948;4495;-1949
24057;3666;3500;3718;10884;7166;-166
24058;1303;611;681;2595;1914;-692
24059;948;703;508;2159;1651;-245
24060;2012;2359;1708;6079;4371;347
24061;5725;6463;7080;19268;12188;738
24062;1601;1446;1200;4247;3047;-155
24063;981;647;621;2249;1628;-334
24064;1091;926;722;2739;2017;-165
24065;710;309;384;1403;1019;-401
24066;1105;402;481;1988;1507;-703
24067;3142;1582;1972;6696;4724;-1560
24068;948;936;847;2731;1884;-12
24069;643;313;286;1242;956;-330
24070;2632;1973;1899;6504;4605;-659
24071;1230;480;651;2361;1710;-750
24072;515;55;207;777;570;-460
24073;1533;1323;1235;4091;2856;-210
24074;1844;2879;2934;7657;4723;1035
24075;909;813;743;2465;1722;-96
24076;208;111;131;450;319;-97
24077;848;667;333;1848;1515;-181
24078;2491;951;1844;5286;3442;-1540
24079;1376;683;1050;3109;2059;-693
24080;135;52;125;312;187;-83
24081;1082;971;643;2696;2053;-111
24082;854;773;727;2354;1627;-81
24083;2013;1370;1376;4759;3383;-643
24084;2023;1100;1550;4673;3123;-923
24085;1019;232;1086;2337;1251;-787
24086;4476;3887;3693;12056;8363;-589
24087;3996;3767;4110;11873;7763;-229
24088;2214;2007;2267;6488;4221;-207
24089;207;23;129;359;230;-184
24090;373;118;177;668;491;-255
24091;1890;2980;2799;7669;4870;1090
24092;382;243;257;882;625;-139
24093;603;149;289;1041;752;-454
24094;477;536;482;1495;1013;59
24095;1920;1673;1225;4818;3593;-247
24096;1341;837;649;2827;2178;-504
24097;1742;1208;1282;4232;2950;-534
24098;2191;1963;1793;5947;4154;-228
24099;983;401;548;1932;1384;-582
24100;6184;12397;14066;32647;18581;6213
24101;672;250;353;1275;922;-422
24102;1226;830;1221;3277;2056;-396
24103;2674;1410;1518;5602;4084;-1264
24104;4104;2070;3315;9489;6174;-2034
24105;4928;10609;7732;23269;15537;5681
24106;126;64;128;318;190;-62
24107;2075;982;1331;4388;3057;-1093
24108;3845;3740;2997;10582;7585;-105
24110;2290;2962;2671;7923;5252;672
24111;4592;4220;9078;17890;8812;-372
24112;309;156;342;807;465;-153
24113;967;258;711;1936;1225;-709
24114;504;286;425;1215;790;-218
24115;784;516;491;1791;1300;-268
24116;14526;42725;43945;101196;57251;28199
24117;765;286;314;1365;1051;-479
24118;2022;1158;1529;4709;3180;-864
24119;2120;2224;1578;5922;4344;104
24120;568;803;261;1632;1371;235
24121;342;38;91;471;380;-304
24122;2459;688;1289;4436;3147;-1771
25001;521;3684;1733;5938;4205;3163
25002;752;389;707;1848;1141;-363
25003;256;294;330;880;550;38
25004;483;212;579;1274;695;-271
25005;452;627;1151;2230;1079;175
25006;4671;8993;13586;27250;13664;4322
25007;236;60;124;420;296;-176
25008;639;376;436;1451;1015;-263
25009;628;145;210;983;773;-483
25010;329;409;372;1110;738;80
25011;1325;483;768;2576;1808;-842
25012;419;71;203;693;490;-348
25013;72;39;71;182;111;-33
25014;128;12;43;183;140;-116
25015;366;92;647;1105;458;-274
25016;122;1273;2553;3948;1395;1151
25017;122;20;91;233;142;-102
25018;677;363;513;1553;1040;-314
25019;552;275;469;1296;827;-277
25020;838;253;569;1660;1091;-585
25021;3258;5165;7026;15449;8423;1907
25022;846;664;794;2304;1510;-182
25023;401;134;207;742;535;-267
25024;194;166;509;869;360;-28
25025;228;29;84;341;257;-199
25026;665;90;555;1310;755;-575
25027;349;90;240;679;439;-259
25028;843;758;675;2276;1601;-85
25029;1478;1651;1360;4489;3129;173
25030;133;76;503;712;209;-57
25031;616;3729;1391;5736;4345;3113
25032;172;61;72;305;233;-111
25033;401;292;330;1023;693;-109
25034;1747;867;1393;4007;2614;-880
25035;126;73;32;231;199;-53
25036;1463;595;818;2876;2058;-868
25037;140;214;42;396;354;74
25038;535;1428;394;2357;1963;893
25039;747;1441;1106;3294;2188;694
25040;2578;1256;2041;5875;3834;-1322
25041;863;544;553;1960;1407;-319
25042;648;898;647;2193;1546;250
25043;276;32;59;367;308;-244
25044;330;35;226;591;365;-295
25045;610;173;229;1012;783;-437
25046;109;66;63;238;175;-43
25047;433;53;259;745;486;-380
25048;1982;979;1687;4648;2961;-1003
25049;241;26;72;339;267;-215
25050;513;384;656;1553;897;-129
25051;382;346;524;1252;728;-36
25052;120;84;447;651;204;-36
25053;2416;3370;3267;9053;5786;954
25054;67;84;137;288;151;17
25055;705;437;500;1642;1142;-268
25056;1099;225;541;1865;1324;-874
25057;217;90;16;323;307;-127
25058;412;46;239;697;458;-366
25059;603;188;433;1224;791;-415
25060;322;86;356;764;408;-236
25061;1512;1009;1110;3631;2521;-503
25062;174;23;55;252;197;-151
25063;633;151;321;1105;784;-482
25064;307;230;95;632;537;-77
25065;405;127;305;837;532;-278
25066;256;30;143;429;286;-226
25067;340;27;119;486;367;-313
25068;151;38;157;346;189;-113
25069;23;1;24;48;24;-22
26001;2206;1558;1630;5394;3764;-648
26002;1758;513;759;3030;2271;-1245
26003;2736;2707;2272;7715;5443;-29
26004;2129;1285;1225;4639;3414;-844
26005;2922;1193;1576;5691;4115;-1729
26006;2738;1443;1619;5800;4181;-1295
26007;1728;567;608;2903;2295;-1161
26008;4445;3274;1886;9605;7719;-1171
26009;4938;2965;2769;10672;7903;-1973
26010;4738;2869;1928;9535;7607;-1869
26011;771;458;381;1610;1229;-313
26012;6104;15288;11427;32819;21392;9184
26013;2255;1887;1721;5863;4142;-368
26014;979;612;607;2198;1591;-367
26015;1220;1269;842;3331;2489;49
26016;1242;604;800;2646;1846;-638
26017;1088;865;828;2781;1953;-223
26018;901;485;405;1791;1386;-416
26019;1774;1338;1245;4357;3112;-436
26020;2121;1377;749;4247;3498;-744
26021;7572;15652;9310;32534;23224;8080
26022;2388;1507;1522;5417;3895;-881
26023;2156;1756;1237;5149;3912;-400
26024;1409;978;922;3309;2387;-431
26025;1935;1707;1114;4756;3642;-228
26026;2647;1406;2112;6165;4053;-1241
26027;1221;850;780;2851;2071;-371
26028;1965;1075;1330;4370;3040;-890
26029;1903;1498;1222;4623;3401;-405
26030;1158;222;453;1833;1380;-936
26031;1477;2174;1706;5357;3651;697
26032;1739;1454;1106;4299;3193;-285
26033;2014;1485;1167;4666;3499;-529
26034;1459;1267;883;3609;2726;-192
26035;3044;2194;2218;7456;5238;-850
26036;3235;1094;2006;6335;4329;-2141
26037;1534;1503;1397;4434;3037;-31
26038;3894;1602;1721;7217;5496;-2292
26039;1560;991;1144;3695;2551;-569
26040;3359;1385;2060;6804;4744;-1974
26041;897;904;675;2476;1801;7
26042;1090;325;587;2002;1415;-765
26043;8818;7727;5918;22463;16545;-1091
26044;1323;2000;908;4231;3323;677
26045;560;158;203;921;718;-402
26046;6538;11410;10164;28112;17948;4872
26047;1659;592;813;3064;2251;-1067
26048;730;1059;749;2538;1789;329
26049;2482;4775;3424;10681;7257;2293
26050;2054;1497;1511;5062;3551;-557
26051;4689;7161;6213;18063;11850;2472
26052;1402;1030;1111;3543;2432;-372
26053;1350;760;713;2823;2110;-590
26054;809;910;338;2057;1719;101
26055;7748;3863;4820;16431;11611;-3885
26056;2202;2175;1853;6230;4377;-27
26057;2941;4223;3655;10819;7164;1282
26058;2738;2073;1986;6797;4811;-665
26059;4877;3363;2415;10655;8240;-1514
26060;330;745;103;1178;1075;415
26061;621;1505;503;2629;2126;884
26062;2106;772;843;3721;2878;-1334
26063;6704;2249;2819;11772;8953;-4455
26064;3423;2619;1931;7973;6042;-804
26065;640;370;282;1292;1010;-270
26066;3234;2244;2162;7640;5478;-990
26067;837;311;287;1435;1148;-526
26068;3758;2128;2537;8423;5886;-1630
26069;4703;2257;3216;10176;6960;-2446
26070;2245;1343;1532;5120;3588;-902
26071;4498;3340;2786;10624;7838;-1158
26072;2537;1718;1268;5523;4255;-819
26073;2020;766;770;3556;2786;-1254
26074;1533;1482;1190;4205;3015;-51
26075;3536;2206;1741;7483;5742;-1330
26076;3406;4682;2174;10262;8088;1276
26077;2472;1064;1663;5199;3536;-1408
26078;1189;213;444;1846;1402;-976
26079;622;437;381;1440;1059;-185
26080;1828;1426;1442;4696;3254;-402
26081;3565;3356;1818;8739;6921;-209
26082;3788;2716;2569;9073;6504;-1072
26083;3572;3858;2742;10172;7430;286
26084;1372;519;767;2658;1891;-853
26085;3621;1989;2515;8125;5610;-1632
26086;14773;38735;25290;78798;53508;23962
26087;2079;2314;3259;7652;4393;235
26088;1921;2591;2018;6530;4512;670
26089;5346;2206;3898;11450;7552;-3140
26090;1244;771;817;2832;2015;-473
26091;5697;9937;3931;19565;15634;4240
26092;4816;8464;9049;22329;13280;3648
26093;3405;1624;2178;7207;5029;-1781
26094;589;439;407;1435;1028;-150
26095;3906;1491;2562;7959;5397;-2415
27001;1143;924;865;2932;2067;-219
27002;2522;1064;1252;4838;3586;-1458
27003;3725;926;1842;6493;4651;-2799
27004;5141;1280;2119;8540;6421;-3861
27005;1683;1467;3591;6741;3150;-216
27006;3183;1339;3447;7969;4522;-1844
27007;2101;936;1246;4283;3037;-1165
27008;6798;2246;17442;26486;9044;-4552
27009;1079;521;583;2183;1600;-558
27010;1023;792;516;2331;1815;-231
27011;3279;903;1912;6094;4182;-2376
27012;4620;6894;3098;14612;11514;2274
27013;3445;995;2737;7177;4440;-2450
27014;2851;2342;1398;6591;5193;-509
27015;1368;1128;909;3405;2496;-240
27016;1901;1585;1154;4640;3486;-316
27017;2395;1292;1409;5096;3687;-1103
27018;984;787;483;2254;1771;-197
27019;3022;3976;9348;16346;6998;954
27020;6175;4056;3461;13692;10231;-2119
27021;7851;2804;3993;14648;10655;-5047
27022;2078;956;1370;4404;3034;-1122
27023;13302;4215;7217;24734;17517;-9087
27024;7469;9403;6467;23339;16872;1934
27025;4059;1170;2159;7388;5229;-2889
27026;5260;3119;3308;11687;8379;-2141
27027;2145;2723;1589;6457;4868;578
27028;4862;2978;2087;9927;7840;-1884
27029;4687;9701;7516;21904;14388;5014
27030;1523;953;994;3470;2476;-570
27031;2712;1890;1812;6414;4602;-822
27032;5082;1612;2111;8805;6694;-3470
27033;8245;9787;13342;31374;18032;1542
27034;2230;1505;3285;7020;3735;-725
27035;6329;4253;4050;14632;10582;-2076
27036;3666;1601;2918;8185;5267;-2065
27037;6168;4517;4422;15107;10685;-1651
27038;9941;4143;4443;18527;14084;-5798
27039;3106;1385;981;5472;4491;-1721
27040;977;267;244;1488;1244;-710
27041;1431;874;1044;3349;2305;-557
27042;15119;70899;112707;198725;86018;55780
27043;3982;1553;1716;7251;5535;-2429
27044;2744;602;3774;7120;3346;-2142
28001;5460;7125;4783;17368;12585;1665
28002;1074;332;639;2045;1406;-742
28003;9359;4558;4232;18149;13917;-4801
28004;1603;225;577;2405;1828;-1378
28005;718;129;198;1045;847;-589
28006;882;482;296;1660;1364;-400
28007;1874;745;766;3385;2619;-1129
28008;1074;1587;709;3370;2661;513
28009;1349;173;307;1829;1522;-1176
28010;338;28;43;409;366;-310
28011;1457;480;502;2439;1937;-977
28012;996;594;400;1990;1590;-402
28013;3052;1746;1893;6691;4798;-1306
28014;1213;827;550;2590;2040;-386
28015;2466;1501;1235;5202;3967;-965
28016;5923;3174;2896;11993;9097;-2749
28017;4911;5266;3418;13595;10177;355
28018;1132;499;497;2128;1631;-633
28019;3400;6147;3492;13039;9547;2747
28020;1971;1661;1191;4823;3632;-310
28021;847;314;442;1603;1161;-533
28022;582;169;248;999;751;-413
28023;1955;2330;2052;6337;4285;375
28026;1692;620;765;3077;2312;-1072
28027;1271;988;1285;3544;2259;-283
28028;2076;1055;887;4018;3131;-1021
28029;448;186;333;967;634;-262
28030;2106;1186;1282;4574;3292;-920
28031;632;256;370;1258;888;-376
28032;4518;10032;6498;21048;14550;5514
28033;2184;941;1339;4464;3125;-1243
28034;2971;3857;2574;9402;6828;886
28035;1906;391;857;3154;2297;-1515
28036;2639;1562;1415;5616;4201;-1077
28037;3405;7407;4893;15705;10812;4002
28038;2743;1350;1746;5839;4093;-1393
28039;2337;2208;1573;6118;4545;-129
28040;1587;464;771;2822;2051;-1123
28041;1693;494;871;3058;2187;-1199
28042;1647;647;949;3243;2294;-1000
28043;871;149;241;1261;1020;-722
28044;3277;3891;1652;8820;7168;614
28045;2853;5165;1685;9703;8018;2312
28046;2615;1347;1634;5596;3962;-1268
28047;999;329;661;1989;1328;-670
28048;3742;1448;1593;6783;5190;-2294
28049;681;129;223;1033;810;-552
28050;2329;1005;1292;4626;3334;-1324
28051;739;453;265;1457;1192;-286
28052;684;276;304;1264;960;-408
28053;867;315;543;1725;1182;-552
28054;4299;2637;2330;9266;6936;-1662
28055;3896;7371;5253;16520;11267;3475
28056;1981;2835;2735;7551;4816;854
28057;3719;2951;2320;8990;6670;-768
28058;4493;3455;1828;9776;7948;-1038
28059;2185;639;1030;3854;2824;-1546
28060;25383;103116;79938;208437;128499;77733
28061;1443;738;685;2866;2181;-705
28062;437;177;185;799;614;-260
28063;3468;2483;2670;8621;5951;-985
28064;2461;2322;2725;7508;4783;-139
28065;4696;6869;5330;16895;11565;2173
28066;1370;302;439;2111;1672;-1068
28067;914;435;412;1761;1349;-479
28068;1370;544;624;2538;1914;-826
28069;5356;2118;2264;9738;7474;-3238
28070;1233;385;669;2287;1618;-848
28071;1580;602;1114;3296;2182;-978
28072;5611;5955;3180;14746;11566;344
28073;1947;1103;763;3813;3050;-844
28074;973;493;453;1919;1466;-480
28075;3698;1821;2255;7774;5519;-1877
28076;2111;1811;1421;5343;3922;-300
28077;4073;2548;3331;9952;6621;-1525
28078;1342;1164;1205;3711;2506;-178
28079;1210;452;443;2105;1662;-758
28080;2645;1415;1459;5519;4060;-1230
28081;834;349;382;1565;1183;-485
28082;2712;1292;1324;5328;4004;-1420
28083;1008;463;363;1834;1471;-545
28084;743;224;315;1282;967;-519
28085;4104;2232;1863;8199;6336;-1872
28086;8306;4032;3794;16132;12338;-4274
28087;1902;977;1357;4236;2879;-925
28088;1484;670;571;2725;2154;-814
28089;3320;1483;1527;6330;4803;-1837
28090;1057;407;434;1898;1464;-650
28091;2705;1592;1868;6165;4297;-1113
28092;2309;1055;1064;4428;3364;-1254
28093;3815;2098;3476;9389;5913;-1717
28094;1580;1072;802;3454;2652;-508
28095;662;401;483;1546;1063;-261
28096;2073;1429;815;4317;3502;-644
28097;690;179;206;1075;869;-511
28098;386;172;104;662;558;-214
28099;5106;1555;2310;8971;6661;-3551
28100;8286;4901;4364;17551;13187;-3385
28101;1767;1382;1396;4545;3149;-385
28102;812;308;408;1528;1120;-504
28103;4074;2037;1877;7988;6111;-2037
28104;2383;883;1113;4379;3266;-1500
28105;918;108;787;1813;1026;-810
28106;3635;1913;1665;7213;5548;-1722
29001;3275;4544;6384;14203;7819;1269
29002;965;587;989;2541;1552;-378
29003;920;694;501;2115;1614;-226
29004;1980;3353;3573;8906;5333;1373
29005;412;109;208;729;521;-303
29006;509;487;718;1714;996;-22
29007;577;301;219;1097;878;-276
29008;231;240;109;580;471;9
29009;936;170;449;1555;1106;-766
29010;357;139;103;599;496;-218
29011;481;249;269;999;730;-232
29012;1014;1129;919;3062;2143;115
29013;756;324;573;1653;1080;-432
29014;479;175;295;949;654;-304
29015;1136;645;737;2518;1781;-491
29017;611;292;553;1456;903;-319
29018;827;285;510;1622;1112;-542
29019;401;200;419;1020;601;-201
29021;614;469;513;1596;1083;-145
29022;1168;458;942;2568;1626;-710
29023;540;56;208;804;596;-484
29024;833;475;501;1809;1308;-358
29025;329;81;184;594;410;-248
29026;518;123;260;901;641;-395
29027;588;374;422;1384;962;-214
29028;352;99;212;663;451;-253
29029;2787;1257;3091;7135;4044;-1530
29030;851;445;801;2097;1296;-406
29031;964;529;1030;2523;1493;-435
29032;435;303;477;1215;738;-132
29033;3412;2240;2755;8407;5652;-1172
29034;349;197;254;800;546;-152
29035;503;120;325;948;623;-383
29036;419;85;171;675;504;-334
29037;1333;384;721;2438;1717;-949
29038;854;190;320;1364;1044;-664
29039;1180;699;4013;5892;1879;-481
29040;1306;1026;1775;4107;2332;-280
29041;5931;13972;20178;40081;19903;8041
29042;389;123;174;686;512;-266
29043;398;204;172;774;602;-194
29044;1394;424;676;2494;1818;-970
29045;927;413;737;2077;1340;-514
29046;1890;959;2115;4964;2849;-931
29047;644;955;663;2262;1599;311
29048;1495;639;1013;3147;2134;-856
29049;414;614;219;1247;1028;200
29050;649;531;496;1676;1180;-118
29051;308;55;117;480;363;-253
29052;2311;2185;4486;8982;4496;-126
30001;695;808;356;1859;1503;113
30002;336;1142;135;1613;1478;806
30003;198;187;231;616;385;-11
30004;1099;480;623;2202;1579;-619
30005;784;160;371;1315;944;-624
30006;1118;470;432;2020;1588;-648
30007;633;447;253;1333;1080;-186
30008;1301;668;561;2530;1969;-633
30009;2024;1072;780;3876;3096;-952
30010;914;335;418;1667;1249;-579
30011;761;274;259;1294;1035;-487
30012;303;88;84;475;391;-215
30013;2003;1483;1476;4962;3486;-520
30014;1295;3139;853;5287;4434;1844
30015;583;204;231;1018;787;-379
30016;2972;1953;1186;6111;4925;-1019
30018;1059;217;321;1597;1276;-842
30019;1133;550;344;2027;1683;-583
30020;1300;560;753;2613;1860;-740
30021;442;115;86;643;557;-327
30022;288;52;36;376;340;-236
30023;3762;3025;3065;9852;6787;-737
30024;271;201;41;513;472;-70
30025;170;112;119;401;282;-58
30026;2757;4858;3127;10742;7615;2101
30027;3866;3455;4425;11746;7321;-411
30028;835;454;265;1554;1289;-381
30029;126;158;91;375;284;32
30030;1317;336;444;2097;1653;-981
30031;804;838;367;2009;1642;34
30032;803;306;308;1417;1109;-497
30033;55;11;7;73;66;-44
30034;40;5;2;47;45;-35
30035;515;141;171;827;656;-374
30036;1056;366;462;1884;1422;-690
30037;1926;1988;1385;5299;3914;62
30038;1758;635;781;3174;2393;-1123
30039;399;194;182;775;593;-205
30040;79;49;148;276;128;-30
30041;104;56;300;460;160;-48
30042;94;76;151;321;170;-18
30043;2571;3804;3223;9598;6375;1233
30044;1609;743;909;3261;2352;-866
30045;140;7;22;169;147;-133
30046;3323;2308;3406;9037;5631;-1015
30047;215;39;63;317;254;-176
30048;1405;218;579;2202;1623;-1187
30049;723;1761;2065;4549;2484;1038
30050;39;5;3;47;44;-34
30051;211;35;68;314;246;-176
30052;940;584;278;1802;1524;-356
30053;1865;1056;1259;4180;2921;-809
30054;280;92;176;548;372;-188
30055;1888;2405;1313;5606;4293;517
30056;473;301;465;1239;774;-172
30057;2716;2822;1128;6666;5538;106
30058;946;547;358;1851;1493;-399
30059;391;193;444;1028;584;-198
30060;725;798;220;1743;1523;73
30061;211;49;36;296;260;-162
30062;1730;736;929;3395;2466;-994
30063;1033;236;250;1519;1269;-797
30064;872;157;416;1445;1029;-715
30065;791;356;486;1633;1147;-435
30066;998;1792;556;3346;2790;794
30067;460;184;437;1081;644;-276
30068;2197;685;625;3507;2882;-1512
30069;882;352;468;1702;1234;-530
30070;1381;3651;1255;6287;5032;2270
30071;487;386;503;1376;873;-101
30072;3676;2258;1417;7351;5934;-1418
30073;734;56;446;1236;790;-678
30074;1848;2508;1131;5487;4356;660
30075;790;805;541;2136;1595;15
30076;279;188;365;832;467;-91
30077;927;302;390;1619;1229;-625
30078;1961;956;900;3817;2917;-1005
30079;2646;2321;1038;6005;4967;-325
30080;1424;1656;487;3567;3080;232
30081;219;77;185;481;296;-142
30082;477;227;205;909;704;-250
30083;1692;777;645;3114;2469;-915
30084;88;10;11;109;98;-78
30085;267;137;87;491;404;-130
30086;357;47;82;486;404;-310
30087;1086;158;433;1677;1244;-928
30088;130;35;74;239;165;-95
30089;223;16;36;275;239;-207
30090;1803;1499;784;4086;3302;-304
30091;2335;1589;1021;4945;3924;-746
30092;299;34;165;498;333;-265
30093;102;59;21;182;161;-43
30094;133;15;45;193;148;-118
30095;978;275;261;1514;1253;-703
30096;1375;1042;885;3302;2417;-333
30097;721;396;267;1384;1117;-325
30098;1043;271;355;1669;1314;-772
30099;1859;3317;2509;7685;5176;1458
30100;1756;3049;2079;6884;4805;1293
30101;1878;2426;1349;5653;4304;548
30102;412;109;154;675;521;-303
30103;807;798;416;2021;1605;-9
30104;920;343;292;1555;1263;-577
30105;458;440;195;1093;898;-18
30106;698;133;181;1012;831;-565
30107;45;32;136;213;77;-13
30108;152;18;24;194;170;-134
30109;1224;759;764;2747;1983;-465
30110;318;49;75;442;367;-269
30111;120;13;20;153;133;-107
30112;390;190;284;864;580;-200
30113;205;20;86;311;225;-185
30114;1308;422;774;2504;1730;-886
30116;2670;1675;1803;6148;4345;-995
30117;303;433;1794;2530;736;130
30118;5438;4999;2624;13061;10437;-439
30119;648;396;259;1303;1044;-252
30120;1162;227;328;1717;1389;-935
30121;1514;5149;4131;10794;6663;3635
30122;833;188;280;1301;1021;-645
30123;827;661;524;2012;1488;-166
30124;751;181;295;1227;932;-570
30125;224;45;51;320;269;-179
30126;781;91;140;1012;872;-690
30127;2851;1117;1077;5045;3968;-1734
30128;606;338;175;1119;944;-268
30129;13324;43497;35616;92437;56821;30173
30130;922;560;483;1965;1482;-362
30131;708;438;389;1535;1146;-270
30132;346;77;114;537;423;-269
30133;713;675;446;1834;1388;-38
30134;549;299;171;1019;848;-250
30135;341;109;49;499;450;-232
30136;249;90;72;411;339;-159
30137;581;206;281;1068;787;-375
30138;455;196;138;789;651;-259
31001;721;219;188;1128;940;-502
31002;2107;1777;1562;5446;3884;-330
31003;558;181;189;928;739;-377
31004;144;57;33;234;201;-87
31005;709;230;199;1138;939;-479
31006;1129;612;371;2112;1741;-517
31007;4159;8774;12454;25387;12933;4615
31008;2261;1685;953;4899;3946;-576
31009;1340;1127;2384;4851;2467;-213
31010;548;442;245;1235;990;-106
31011;376;149;92;617;525;-227
31012;4632;9212;7632;21476;13844;4580
31013;337;156;58;551;493;-181
31014;693;230;184;1107;923;-463
31015;1358;934;596;2888;2292;-424
31016;4304;3064;1944;9312;7368;-1240
31017;966;318;175;1459;1284;-648
31018;2446;639;766;3851;3085;-1807
31019;288;52;132;472;340;-236
31020;640;169;156;965;809;-471
31021;822;191;196;1209;1013;-631
31022;712;304;183;1199;1016;-408
31023;2727;1310;1135;5172;4037;-1417
31024;1179;244;293;1716;1423;-935
31025;597;1265;267;2129;1862;668
32001;2703;1478;1475;5656;4181;-1225
32002;376;264;88;728;640;-112
32003;4031;2167;2207;8405;6198;-1864
32004;2092;3009;976;6077;5101;917
32005;848;792;192;1832;1640;-56
32006;8380;15691;91270;115341;24071;7311
33001;581;276;359;1216;857;-305
33002;1447;961;1130;3538;2408;-486
33003;353;89;144;586;442;-264
33004;624;207;571;1402;831;-417
33005;399;288;1017;1704;687;-111
33006;1939;1451;1912;5302;3390;-488
33007;1926;905;1314;4145;2831;-1021
33008;892;823;400;2115;1715;-69
33009;71;6;27;104;77;-65
33010;1272;1179;1169;3620;2451;-93
33011;2111;1030;2044;5185;3141;-1081
33012;1384;498;972;2854;1882;-886
33013;3097;3065;3998;10160;6162;-32
33014;1827;884;1093;3804;2711;-943
33015;12;5;9;26;17;-7
33016;168;37;101;306;205;-131
33017;137;28;97;262;165;-109
33018;1229;1221;1032;3482;2450;-8
33019;168;61;228;457;229;-107
33020;96;45;202;343;141;-51
33021;2967;3817;4937;11721;6784;850
33022;761;295;311;1367;1056;-466
33023;2452;950;871;4273;3402;-1502
33024;1497;844;841;3182;2341;-653
33025;532;251;464;1247;783;-281
33026;1004;554;992;2550;1558;-450
33027;1471;727;1151;3349;2198;-744
33028;150;45;170;365;195;-105
33029;549;349;431;1329;898;-200
33030;38;42;104;184;80;4
33031;128;63;76;267;191;-65
33032;11129;26419;40201;77749;37548;15290
33033;541;421;598;1560;962;-120
33034;158;34;94;286;192;-124
33035;3052;2897;2018;7967;5949;-155
33036;1199;648;1245;3092;1847;-551
33037;2059;1390;1444;4893;3449;-669
33038;2179;808;1474;4461;2987;-1371
33039;4159;2126;2408;8693;6285;-2033
33040;1942;933;1271;4146;2875;-1009
33041;294;87;146;527;381;-207
33042;944;501;578;2023;1445;-443
33043;552;130;249;931;682;-422
33044;610;200;373;1183;810;-410
33045;1463;725;776;2964;2188;-738
33046;495;413;474;1382;908;-82
33047;6;4;5;15;10;-2
33048;743;304;437;1484;1047;-439
34001;569;122;316;1007;691;-447
34002;226;89;562;877;315;-137
34003;593;441;907;1941;1034;-152
34004;322;146;483;951;468;-176
34005;130;27;96;253;157;-103
34006;1017;1010;2457;4484;2027;-7
34007;1615;875;1935;4425;2490;-740
34008;565;238;466;1269;803;-327
34009;4163;5423;3917;13503;9586;1260
34010;2769;1702;2297;6768;4471;-1067
34011;310;181;169;660;491;-129
34012;390;256;374;1020;646;-134
34013;2933;1389;2046;6368;4322;-1544
34014;4913;6303;8842;20058;11216;1390
34015;2083;1703;1822;5608;3786;-380
34016;1916;2334;1282;5532;4250;418
34017;1656;1924;1503;5083;3580;268
34018;2335;2599;3369;8303;4934;264
34019;1939;584;836;3359;2523;-1355
34020;3310;1160;2578;7048;4470;-2150
34021;1240;662;664;2566;1902;-578
34022;104;39;187;330;143;-65
34023;3746;1401;2309;7456;5147;-2345
34024;904;290;749;1943;1194;-614
34025;3941;2150;3277;9368;6091;-1791
34026;182;72;228;482;254;-110
34027;14369;45551;82153;142073;59920;31182
34028;186;74;231;491;260;-112
34029;474;428;288;1190;902;-46
34030;899;305;691;1895;1204;-594
34031;1876;2042;1263;5181;3918;166
34032;4561;1684;5386;11631;6245;-2877
34033;1522;1138;1514;4174;2660;-384
34034;1429;479;873;2781;1908;-950
34035;596;886;318;1800;1482;290
34036;1314;1109;1387;3810;2423;-205
34037;3483;1367;2193;7043;4850;-2116
34038;410;101;97;608;511;-309
34039;487;235;460;1182;722;-252
34040;193;65;188;446;258;-128
34041;2840;2246;1885;6971;5086;-594
34042;2786;1530;2499;6815;4316;-1256
34043;1431;857;758;3046;2288;-574
34044;117;42;54;213;159;-75
34045;836;517;695;2048;1353;-319
34046;270;97;208;575;367;-173
34048;493;364;382;1239;857;-129
35001;3193;1373;1970;6536;4566;-1820
35002;2880;1529;2445;6854;4409;-1351
35003;1115;666;590;2371;1781;-449
35004;3144;2298;2575;8017;5442;-846
35005;1650;927;1207;3784;2577;-723
35006;1612;1761;1353;4726;3373;149
35007;274;171;272;717;445;-103
35008;3317;1464;2504;7285;4781;-1853
35009;1725;911;1372;4008;2636;-814
35010;1665;1337;1191;4193;3002;-328
35011;1077;375;986;2438;1452;-702
35012;6329;3915;4703;14947;10244;-2414
35013;1251;243;1003;2497;1494;-1008
35014;5091;2651;4118;11860;7742;-2440
35015;2437;1456;2311;6204;3893;-981
35016;1324;2160;4028;7512;3484;836
35017;3048;3249;2344;8641;6297;201
35018;1093;553;894;2540;1646;-540
35019;163;36;189;388;199;-127
35020;4662;6880;9759;21301;11542;2218
35021;1699;1112;1970;4781;2811;-587
35022;1841;1212;1382;4435;3053;-629
35023;1934;1021;1544;4499;2955;-913
35024;2940;4251;5099;12290;7191;1311
35025;107;44;156;307;151;-63
35026;2342;1743;2565;6650;4085;-599
35027;2628;3356;3256;9240;5984;728
35028;3335;1757;4014;9106;5092;-1578
35029;1937;1227;1770;4934;3164;-710
35030;4530;1737;2826;9093;6267;-2793
35031;218;166;305;689;384;-52
35032;2287;2530;2746;7563;4817;243
35033;17298;33798;72130;123226;51096;16500
35034;1888;1087;1618;4593;2975;-801
35035;1233;699;972;2904;1932;-534
35036;4521;3400;4211;12132;7921;-1121
35037;2351;2049;2334;6734;4400;-302
35038;1787;1092;1404;4283;2879;-695
35039;3300;2241;2892;8433;5541;-1059
35040;6402;3722;7176;17300;10124;-2680
35041;1068;698;1166;2932;1766;-370
35042;474;137;316;927;611;-337
35043;1397;666;954;3017;2063;-731
35044;1113;632;707;2452;1745;-481
35045;763;235;780;1778;998;-528
36001;1623;600;708;2931;2223;-1023
36002;3445;2321;2523;8289;5766;-1124
36003;2408;2889;2474;7771;5297;481
36004;927;871;733;2531;1798;-56
36005;9679;9819;26417;45915;19498;140
36006;9589;3201;8300;21090;12790;-6388
36007;4863;3000;3387;11250;7863;-1863
36008;3658;3302;2551;9511;6960;-356
36009;1983;1707;1833;5523;3690;-276
36010;2284;1382;2304;5970;3666;-902
36011;396;251;841;1488;647;-145
36012;3181;3020;4801;11002;6201;-161
36013;5122;9585;4747;19454;14707;4463
36014;236;121;374;731;357;-115
36015;11357;4715;8689;24761;16072;-6642
36016;224;209;577;1010;433;-15
36017;1234;191;779;2204;1425;-1043
36018;589;191;645;1425;780;-398
36019;4992;5707;4624;15323;10699;715
36020;1549;1022;1187;3758;2571;-527
36021;2075;2210;1467;5752;4285;135
36022;4147;6852;8705;19704;10999;2705
36023;16305;48461;81353;146119;64766;32156
36024;194;59;180;433;253;-135
36025;463;179;548;1190;642;-284
36026;520;151;981;1652;671;-369
36027;5039;1699;3701;10439;6738;-3340
36028;2972;1145;2581;6698;4117;-1827
36029;405;164;712;1281;569;-241
36030;1958;2099;7369;11426;4057;141
36031;211;342;783;1336;553;131
36032;350;123;333;806;473;-227
36033;1309;403;626;2338;1712;-906
36034;2283;733;1142;4158;3016;-1550
36035;194;45;109;348;239;-149
36036;2124;2108;1265;5497;4232;-16
36037;3146;1751;2915;7812;4897;-1395
36038;1137;560;757;2454;1697;-577
36039;2004;905;1469;4378;2909;-1099
36040;8065;12607;13564;34236;20672;4542
36041;3193;1391;1832;6416;4584;-1802
36042;2426;638;1752;4816;3064;-1788
36043;399;228;622;1249;627;-171
36044;4464;2465;4232;11161;6929;-1999
36045;3776;2606;2848;9230;6382;-1170
36046;5641;5938;7564;19143;11579;297
36047;1028;413;1209;2650;1441;-615
37001;4004;4223;2733;10960;8227;219
37002;3747;5112;1885;10744;8859;1365
37003;2622;499;1106;4227;3121;-2123
37004;2127;2494;1440;6061;4621;367
37005;1962;5272;1131;8365;7234;3310
37006;35374;95311;153673;284358;130685;59937
37007;1198;630;658;2486;1828;-568
37008;5308;3595;4695;13598;8903;-1713
37009;4527;7162;3263;14952;11689;2635
37010;545;190;334;1069;735;-355
37011;11216;11253;7394;29863;22469;37
37012;1325;846;620;2791;2171;-479
37013;457;147;416;1020;604;-310
37014;299;99;283;681;398;-200
37015;1218;591;547;2356;1809;-627
37016;1593;2181;934;4708;3774;588
37017;2583;1367;1426;5376;3950;-1216
37018;1796;430;974;3200;2226;-1366
37019;6376;6797;3518;16691;13173;421
37020;5710;4895;5257;15862;10605;-815
37021;5194;5322;3009;13525;10516;128
37022;1062;585;1890;3537;1647;-477
37023;3367;4260;2269;9896;7627;893
37024;3703;2021;3528;9252;5724;-1682
37025;2205;1288;1423;4916;3493;-917
37026;695;173;402;1270;868;-522
37027;1135;1630;1564;4329;2765;495
37028;1933;489;975;3397;2422;-1444
37029;808;214;289;1311;1022;-594
37030;4167;5593;2256;12016;9760;1426
37031;1579;341;454;2374;1920;-1238
37032;9849;11871;27569;49289;21720;2022
37033;451;150;566;1167;601;-301
37034;1350;390;904;2644;1740;-960
37035;3125;1349;1842;6316;4474;-1776
37036;2387;624;1174;4185;3011;-1763
37037;5300;1606;4187;11093;6906;-3694
37038;3005;2590;1940;7535;5595;-415
37039;4167;1513;4403;10083;5680;-2654
37040;871;217;929;2017;1088;-654
37041;2046;304;1127;3477;2350;-1742
37042;4171;1782;1905;7858;5953;-2389
37043;1879;1567;1178;4624;3446;-312
37044;2034;1743;1218;4995;3777;-291
37045;1649;1110;1019;3778;2759;-539
37046;4509;4612;2979;12100;9121;103
37047;4842;3124;4474;12440;7966;-1718
37048;2139;1262;1499;4900;3401;-877
37049;1063;2102;1397;4562;3165;1039
37050;3240;2067;1789;7096;5307;-1173
37051;1048;289;1086;2423;1337;-759
37052;3083;2323;1726;7132;5406;-760
37053;6866;4775;8040;19681;11641;-2091
37054;10124;8799;6427;25350;18923;-1325
37055;4173;1477;2397;8047;5650;-2696
37056;2385;1773;1795;5953;4158;-612
37057;4306;3449;3375;11130;7755;-857
37058;819;193;488;1500;1012;-626
37059;1972;1417;1962;5351;3389;-555
37060;6034;7652;4134;17820;13686;1618
38001;4599;2283;6069;12951;6882;-2316
38002;1006;354;1100;2460;1360;-652
38003;3315;1284;3871;8470;4599;-2031
38004;7636;5986;11204;24826;13622;-1650
38005;1962;2253;3740;7955;4215;291
38006;2487;1974;7149;11610;4461;-513
38007;3282;2817;4504;10603;6099;-465
38008;12509;24289;54903;91701;36798;11780
38009;902;292;416;1610;1194;-610
38010;793;583;544;1920;1376;-210
38011;1383;984;948;3315;2367;-399
38012;805;392;399;1596;1197;-413
38013;1021;297;549;1867;1318;-724
38014;1559;481;1557;3597;2040;-1078
38015;1080;486;615;2181;1566;-594
38016;1126;496;578;2200;1622;-630
38017;1615;1672;1472;4759;3287;57
38018;3333;1609;1964;6906;4942;-1724
38019;2796;1076;2890;6762;3872;-1720
38020;918;174;464;1556;1092;-744
38021;2249;1319;1563;5131;3568;-930
38022;2746;671;1368;4785;3417;-2075
38023;1164;458;765;2387;1622;-706
38024;1249;851;915;3015;2100;-398
38025;283;514;1681;2478;797;231
38026;664;179;363;1206;843;-485
39001;2689;1935;3338;7962;4624;-754
39002;4748;2116;3587;10451;6864;-2632
39003;889;348;496;1733;1237;-541
39004;2097;585;1788;4470;2682;-1512
39005;585;217;783;1585;802;-368
39006;2943;1851;2438;7232;4794;-1092
39007;4833;3928;8784;17545;8761;-905
39008;2447;1502;2425;6374;3949;-945
39009;2218;1986;1719;5923;4204;-232
39010;6582;10745;24278;41605;17327;4163
39011;2441;1010;1728;5179;3451;-1431
39012;5663;7386;10271;23320;13049;1723
39013;2958;1352;2479;6789;4310;-1606
39014;10217;12562;68137;90916;22779;2345
39015;1586;1238;1565;4389;2824;-348
39016;3139;1444;3095;7678;4583;-1695
39017;1083;778;499;2360;1861;-305
39018;1347;463;1055;2865;1810;-884
40001;681;542;2395;3618;1223;-139
40003;3771;2579;2380;8730;6350;-1192
40004;993;189;461;1643;1182;-804
40005;1866;741;1487;4094;2607;-1125
40007;9981;18922;41993;70896;28903;8941
40008;4952;3843;7940;16735;8795;-1109
40009;1089;330;806;2225;1419;-759
40011;478;188;321;987;666;-290
40012;9535;18470;51743;79748;28005;8935
40013;4151;2672;2816;9639;6823;-1479
40014;695;314;729;1738;1009;-381
40015;3347;1957;2554;7858;5304;-1390
40016;3035;2167;2034;7236;5202;-868
40018;2181;2413;1778;6372;4594;232
40019;2676;1267;2556;6499;3943;-1409
40020;2146;934;1724;4804;3080;-1212
40022;723;387;1749;2859;1110;-336
40028;674;130;224;1028;804;-544
40031;145;55;145;345;200;-90
40032;1549;610;1908;4067;2159;-939
40033;103;53;217;373;156;-50
40036;403;184;520;1107;587;-219
40037;1352;384;641;2377;1736;-968
40041;3241;2954;3116;9311;6195;-287
40043;506;1096;1598;3200;1602;590
40044;951;439;891;2281;1390;-512
40045;5218;4195;4477;13890;9413;-1023
40046;885;395;781;2061;1280;-490
40049;272;63;318;653;335;-209
40050;363;132;539;1034;495;-231
41001;1132;472;1125;2729;1604;-660
41002;326;90;579;995;416;-236
41003;542;207;276;1025;749;-335
41004;337;129;150;616;466;-208
41005;255;194;127;576;449;-61
41006;138;43;104;285;181;-95
41007;1416;908;2633;4957;2324;-508
41008;425;89;455;969;514;-336
41009;394;128;439;961;522;-266
41010;2496;1299;1821;5616;3795;-1197
41012;2344;1379;1189;4912;3723;-965
41013;8466;8716;23549;40731;17182;250
41014;1997;1093;2765;5855;3090;-904
41015;1728;1973;3046;6747;3701;245
41016;285;60;173;518;345;-225
41017;85;75;49;209;160;-10
41018;381;114;206;701;495;-267
41019;1551;987;1113;3651;2538;-564
41020;1806;667;839;3312;2473;-1139
41021;160;167;138;465;327;7
41022;422;383;431;1236;805;-39
41023;412;374;531;1317;786;-38
41025;281;114;357;752;395;-167
41026;216;258;208;682;474;42
41027;628;495;450;1573;1123;-133
41028;1032;731;883;2646;1763;-301
41029;3111;1848;2623;7582;4959;-1263
41030;740;813;687;2240;1553;73
41031;145;41;129;315;186;-104
41032;752;117;209;1078;869;-635
41033;194;52;274;520;246;-142
41034;933;421;466;1820;1354;-512
41035;208;88;163;459;296;-120
41036;2417;2982;1528;6927;5399;565
41037;998;451;548;1997;1449;-547
41038;820;475;594;1889;1295;-345
41040;627;707;419;1753;1334;80
41041;229;158;142;529;387;-71
41043;903;756;1986;3645;1659;-147
41044;7579;15157;40656;63392;22736;7578
41045;710;415;813;1938;1125;-295
41046;371;196;133;700;567;-175
41047;509;513;523;1545;1022;4
41048;185;103;137;425;288;-82
41049;428;399;608;1435;827;-29
41050;2008;1670;1599;5277;3678;-338
41051;1618;357;865;2840;1975;-1261
41052;499;107;203;809;606;-392
41054;829;554;816;2199;1383;-275
41056;3128;2170;1853;7151;5298;-958
41057;860;395;1346;2601;1255;-465
41058;474;527;311;1312;1001;53
41059;558;1048;1207;2813;1606;490
41060;316;130;213;659;446;-186
41061;303;131;129;563;434;-172
41062;951;353;427;1731;1304;-598
41064;194;150;262;606;344;-44
41065;3045;1710;1545;6300;4755;-1335
41066;1223;1143;2480;4846;2366;-80
41067;1782;7338;5935;15055;9120;5556
42001;1968;564;867;3399;2532;-1404
42002;7378;28272;43044;78694;35650;20894
42003;897;723;1192;2812;1620;-174
42004;432;323;281;1036;755;-109
42005;689;264;437;1390;953;-425
42006;2078;2292;1907;6277;4370;214
42007;1049;597;411;2057;1646;-452
42008;2059;669;646;3374;2728;-1390
42009;451;106;99;656;557;-345
42010;4077;4267;6277;14621;8344;190
42011;460;168;397;1025;628;-292
42012;1019;1042;779;2840;2061;23
42013;995;1286;1035;3316;2281;291
42014;4515;1884;2943;9342;6399;-2631
42015;1167;777;1402;3346;1944;-390
42016;1313;354;1030;2697;1667;-959
42017;1990;5628;12906;20524;7618;3638
42018;6940;4274;6026;17240;11214;-2666
42019;1959;846;3245;6050;2805;-1113
42020;505;466;294;1265;971;-39
42021;5487;12133;14769;32389;17620;6646
42022;3183;3296;3324;9803;6479;113
42023;2009;1182;1181;4372;3191;-827
42024;441;546;118;1105;987;105
42025;1302;1861;562;3725;3163;559
42026;524;306;503;1333;830;-218
42027;3453;802;1720;5975;4255;-2651
42028;772;495;374;1641;1267;-277
42029;1118;1027;541;2686;2145;-91
42030;2494;947;1286;4727;3441;-1547
42031;685;251;378;1314;936;-434
42032;1091;1005;660;2756;2096;-86
42033;700;269;309;1278;969;-431
42034;7241;6632;11620;25493;13873;-609
42035;1801;903;1668;4372;2704;-898
42036;793;554;952;2299;1347;-239
42037;233;47;54;334;280;-186
42038;1661;504;932;3097;2165;-1157
42039;1480;910;993;3383;2390;-570
42040;710;449;322;1481;1159;-261
42041;808;337;337;1482;1145;-471
42042;304;198;171;673;502;-106
42043;1354;417;889;2660;1771;-937
42044;1356;663;2174;4193;2019;-693
42045;5843;7510;16224;29577;13353;1667
42046;891;733;1087;2711;1624;-158
42047;777;708;656;2141;1485;-69
42048;1250;490;713;2453;1740;-760
42049;737;122;419;1278;859;-615
43001;33;4;11;48;37;-29
43002;536;214;573;1323;750;-322
43003;864;749;1378;2991;1613;-115
43004;595;292;366;1253;887;-303
43005;40;4;16;60;44;-36
43006;512;360;351;1223;872;-152
43007;734;2125;2645;5504;2859;1391
43008;193;32;108;333;225;-161
43009;1314;529;978;2821;1843;-785
43010;58;30;49;137;88;-28
43011;162;36;53;251;198;-126
43012;1619;1966;3440;7025;3585;347
43013;4772;9231;15169;29172;14003;4459
43014;364;274;221;859;638;-90
43015;3829;2711;4449;10989;6540;-1118
43016;499;223;546;1268;722;-276
43017;102;61;119;282;163;-41
43018;63;8;12;83;71;-55
43019;321;89;298;708;410;-232
43020;227;265;85;577;492;38
43021;148;30;180;358;178;-118
43022;538;278;564;1380;816;-260
43023;5192;14902;15730;35824;20094;9710
43024;1719;1274;3332;6325;2993;-445
43025;1066;322;1228;2616;1388;-744
43026;1980;1348;1876;5204;3328;-632
43027;32;11;3;46;43;-21
43028;2308;1319;1652;5279;3627;-989
43029;888;426;903;2217;1314;-462
43030;1021;1013;811;2845;2034;-8
43031;1683;1165;2404;5252;2848;-518
43032;166;49;178;393;215;-117
43033;2491;1411;2870;6772;3902;-1080
43034;227;260;227;714;487;33
43035;207;100;204;511;307;-107
43036;577;247;363;1187;824;-330
43037;208;67;122;397;275;-141
43038;238;149;347;734;387;-89
43039;324;176;242;742;500;-148
43040;91;15;32;138;106;-76
43041;2042;1028;1369;4439;3070;-1014
43042;3231;1802;2560;7593;5033;-1429
43043;3955;1450;4006;9411;5405;-2505
43044;3981;5395;7399;16775;9376;1414
43045;314;166;125;605;480;-148
43046;774;684;789;2247;1458;-90
43047;1831;1286;4430;7547;3117;-545
43048;315;165;320;800;480;-150
43049;501;490;965;1956;991;-11
43050;94;38;65;197;132;-56
43051;385;92;114;591;477;-293
43052;212;72;221;505;284;-140
43053;2366;3290;7716;13372;5656;924
43054;2216;1099;2715;6030;3315;-1117
43055;842;418;511;1771;1260;-424
43056;69;48;77;194;117;-21
43057;141;224;377;742;365;83
44001;678;194;630;1502;872;-484
44002;1216;717;644;2577;1933;-499
44005;574;103;322;999;677;-471
44006;170;110;270;550;280;-60
44007;3427;13798;19207;36432;17225;10371
44010;256;68;204;528;324;-188
44011;2850;887;1365;5102;3737;-1963
44012;684;194;689;1567;878;-490
44013;805;154;273;1232;959;-651
44014;1319;395;461;2175;1714;-924
44015;475;1278;1217;2970;1753;803
44016;300;68;201;569;368;-232
44017;1399;585;1201;3185;1984;-814
44020;3580;436;1367;5383;4016;-3144
44021;382;93;245;720;475;-289
44023;4188;2633;3546;10367;6821;-1555
44027;853;490;331;1674;1343;-363
44029;494;185;330;1009;679;-309
44031;1366;939;875;3180;2305;-427
44032;471;291;566;1328;762;-180
44034;169;20;24;213;189;-149
44036;444;514;581;1539;958;70
44038;84;24;52;160;108;-60
44044;155;33;100;288;188;-122
44045;3451;2293;2822;8566;5744;-1158
44054;993;700;1303;2996;1693;-293
44056;84;6;7;97;90;-78
44063;897;1201;1109;3207;2098;304
44064;546;105;315;966;651;-441
44065;241;190;203;634;431;-51
44066;6542;11645;15185;33372;18187;5103
44071;2091;1205;1536;4832;3296;-886
44073;636;85;292;1013;721;-551
45001;2793;2539;2632;7964;5332;-254
45002;342;399;315;1056;741;57
45003;8070;6339;21814;36223;14409;-1731
45004;197;60;127;384;257;-137
45005;151;73;126;350;224;-78
45006;612;128;358;1098;740;-484
45007;1239;559;1872;3670;1798;-680
45008;1502;453;660;2615;1955;-1049
45009;1374;515;915;2804;1889;-859
45010;7649;9026;24603;41278;16675;1377
45011;3145;827;1627;5599;3972;-2318
45012;547;289;414;1250;836;-258
45013;781;148;237;1166;929;-633
45014;804;1269;2299;4372;2073;465
45015;493;116;265;874;609;-377
45016;1112;696;973;2781;1808;-416
45017;115;20;195;330;135;-95
46001;3997;3587;3446;11030;7584;-410
46002;1226;686;1445;3357;1912;-540
46003;1827;2665;2999;7491;4492;838
46004;1640;2089;1894;5623;3729;449
46005;6672;5665;8228;20565;12337;-1007
46006;634;181;353;1168;815;-453
46007;11417;8031;11816;31264;19448;-3386
46008;156;11;53;220;167;-145
46009;1065;2871;2043;5979;3936;1806
46010;570;173;270;1013;743;-397
46011;1477;607;1091;3175;2084;-870
46012;114;45;75;234;159;-69
46013;1354;3657;1491;6502;5011;2303
46014;212;19;44;275;231;-193
46015;1043;1090;839;2972;2133;47
46016;106;37;93;236;143;-69
46017;12017;16549;32550;61116;28566;4532
46018;6643;1980;4792;13415;8623;-4663
46019;474;66;388;928;540;-408
46020;374;71;77;522;445;-303
46021;1567;894;732;3193;2461;-673
46022;989;571;653;2213;1560;-418
46023;556;243;514;1313;799;-313
46024;5001;4443;6047;15491;9444;-558
46025;773;516;373;1662;1289;-257
46026;2500;4445;2164;9109;6945;1945
46027;510;142;192;844;652;-368
46028;3578;1954;2408;7940;5532;-1624
46029;203;23;72;298;226;-180
46030;792;267;521;1580;1059;-525
46031;269;28;146;443;297;-241
46032;80;14;16;110;94;-66
46033;8094;10082;20547;38723;18176;1988
46034;438;254;342;1034;692;-184
46035;372;44;177;593;416;-328
47001;86;124;192;402;210;38
47002;5178;2909;3751;11838;8087;-2269
47003;3105;1246;1391;5742;4351;-1859
47004;260;98;365;723;358;-162
47005;2073;936;1622;4631;3009;-1137
47006;1648;1119;1695;4462;2767;-529
47007;1121;139;335;1595;1260;-982
47008;2509;2490;1344;6343;4999;-19
47009;5544;2615;4851;13010;8159;-2929
47010;3617;1817;2034;7468;5434;-1800
47011;4300;6772;4705;15777;11072;2472
47012;3879;5371;5824;15074;9250;1492
47013;3136;1859;1677;6672;4995;-1277
47014;11129;14395;33670;59194;25524;3266
47015;453;105;231;789;558;-348
47016;2857;1281;1623;5761;4138;-1576
47017;6371;2971;6952;16294;9342;-3400
47018;410;132;232;774;542;-278
47019;821;674;2018;3513;1495;-147
47020;3899;1938;2183;8020;5837;-1961
47021;2292;702;845;3839;2994;-1590
47022;1472;995;735;3202;2467;-477
48001;7546;6391;5429;19366;13937;-1155
48002;2336;1636;3463;7435;3972;-700
48003;1681;2497;817;4995;4178;816
48004;3602;4002;6154;13758;7604;400
48005;5166;9818;3969;18953;14984;4652
48006;13165;10831;10544;34540;23996;-2334
48008;2717;612;1458;4787;3329;-2105
48010;3472;2897;5337;11706;6369;-575
48011;3059;1845;2495;7399;4904;-1214
48012;3833;1963;4308;10104;5796;-1870
48013;1853;329;1120;3302;2182;-1524
48014;8376;14189;16126;38691;22565;5813
48015;4864;1656;2241;8761;6520;-3208
48016;4068;4518;4784;13370;8586;450
48017;30693;106584;151243;288520;137277;75891
48018;553;264;1755;2572;817;-289
48019;5337;3528;6554;15419;8865;-1809
48020;1723;738;975;3436;2461;-985
48021;3326;1256;4141;8723;4582;-2070
48022;4643;1980;2886;9509;6623;-2663
48023;2171;930;1095;4196;3101;-1241
48024;6184;2534;4245;12963;8718;-3650
48025;570;202;410;1182;772;-368
48026;548;101;958;1607;649;-447
48027;865;574;1125;2564;1439;-291
48028;4450;2901;3206;10557;7351;-1549
48030;4207;1409;3155;8771;5616;-2798
48031;163;70;360;593;233;-93
48032;2566;1027;1444;5037;3593;-1539
48033;5817;4288;4729;14834;10105;-1529
48035;4923;2256;3677;10856;7179;-2667
48036;3173;998;1724;5895;4171;-2175
48037;2477;983;1581;5041;3460;-1494
48038;4584;1633;4258;10475;6217;-2951
48039;335;95;202;632;430;-240
48040;1474;697;843;3014;2171;-777
48041;13080;13427;12725;39232;26507;347
48042;2164;1707;2205;6076;3871;-457
48043;13467;16084;12159;41710;29551;2617
48044;5771;3010;3934;12715;8781;-2761
48045;1924;2258;2335;6517;4182;334
48046;2037;278;696;3011;2315;-1759
48049;2477;510;1831;4818;2987;-1967
48050;4083;3462;3412;10957;7545;-621
49001;779;584;780;2143;1363;-195
49002;2579;1567;3816;7962;4146;-1012
49003;494;345;1501;2340;839;-149
49004;505;314;1054;1873;819;-191
49005;1;3;130;134;4;2
49006;1178;877;2732;4787;2055;-301
49007;4093;4781;9001;17875;8874;688
49008;5091;3430;3692;12213;8521;-1661
49009;12267;11065;64506;87838;23332;-1202
49010;323;190;486;999;513;-133
49011;236;109;599;944;345;-127
49012;1938;4134;13350;19422;6072;2196
49013;564;293;1034;1891;857;-271
49014;477;1855;5162;7494;2332;1378
49015;329;124;435;888;453;-205
49016;277;103;144;524;380;-174
49017;5356;3248;9047;17651;8604;-2108
49018;1233;794;1805;3832;2027;-439
49019;110;53;111;274;163;-57
49020;626;300;763;1689;926;-326
50001;2761;1790;1636;6187;4551;-971
50002;2008;403;1038;3449;2411;-1605
50003;2495;449;910;3854;2944;-2046
50004;4392;3074;2265;9731;7466;-1318
50005;2225;543;1176;3944;2768;-1682
50006;364;185;119;668;549;-179
50007;955;391;836;2182;1346;-564
50008;14248;4750;9136;28134;18998;-9498
50009;4175;3199;2705;10079;7374;-976
50010;508;372;398;1278;880;-136
50011;395;132;426;953;527;-263
50012;359;72;241;672;431;-287
50013;1361;928;845;3134;2289;-433
50014;1264;950;608;2822;2214;-314
50015;444;149;117;710;593;-295
50016;369;136;317;822;505;-233
50017;2659;2072;1882;6613;4731;-587
50018;410;240;170;820;650;-170
50019;407;208;359;974;615;-199
50020;767;537;216;1520;1304;-230
50021;111;44;178;333;155;-67
50022;3636;2062;2566;8264;5698;-1574
50023;204;119;100;423;323;-85
50024;1545;338;790;2673;1883;-1207
50025;1251;857;1246;3354;2108;-394
50026;8044;52215;34120;94379;60259;44171
50027;711;683;1684;3078;1394;-28
50028;5181;2356;3104;10641;7537;-2825
50029;5820;15125;8320;29265;20945;9305
50030;461;127;282;870;588;-334
50031;11416;3136;5331;19883;14552;-8280
50032;7002;4810;7759;19571;11812;-2192
50033;3456;6044;4098;13598;9500;2588
50034;443;239;348;1030;682;-204
50035;4124;1611;2720;8455;5735;-2513
50036;1545;516;820;2881;2061;-1029
50037;4341;1395;2185;7921;5736;-2946
50038;3040;1697;1441;6178;4737;-1343
50039;981;1409;4137;6527;2390;428
51001;1376;500;1318;3194;1876;-876
51002;6953;15952;43465;66370;22905;8999
51003;201;98;238;537;299;-103
51004;2113;2273;3989;8375;4386;160
51005;3167;1028;2079;6274;4195;-2139
51006;1923;1003;979;3905;2926;-920
51007;264;188;298;750;452;-76
51008;842;504;706;2052;1346;-338
51009;1055;481;545;2081;1536;-574
51010;642;497;568;1707;1139;-145
51011;667;461;478;1606;1128;-206
51012;2685;1528;4027;8240;4213;-1157
51013;3464;790;1739;5993;4254;-2674
51014;274;45;105;424;319;-229
51015;499;692;396;1587;1191;193
51016;2576;2173;2278;7027;4749;-403
51017;3257;2076;7518;12851;5333;-1181
51018;2099;1434;2573;6106;3533;-665
51019;1023;478;758;2259;1501;-545
51020;1913;599;1265;3777;2512;-1314
51021;994;406;782;2182;1400;-588
51022;1063;669;834;2566;1732;-394
51023;146;42;75;263;188;-104
51024;474;311;395;1180;785;-163
51025;2144;1236;2380;5760;3380;-908
51026;5264;6015;7138;18417;11279;751
51027;284;240;155;679;524;-44
51028;1023;422;581;2026;1445;-601
51029;2362;594;1236;4192;2956;-1768
51030;531;481;974;1986;1012;-50
51031;1373;1454;1581;4408;2827;81
51032;777;460;627;1864;1237;-317
51033;4453;5234;4089;13776;9687;781
51034;2117;3739;5888;11744;5856;1622
51035;255;147;359;761;402;-108
51036;733;283;591;1607;1016;-450
51037;2082;1081;1290;4453;3163;-1001
51038;274;37;165;476;311;-237
51039;3694;4121;3141;10956;7815;427
52001;860;698;2091;3649;1558;-162
52002;2177;742;1577;4496;2919;-1435
52003;767;352;772;1891;1119;-415
52004;1143;616;959;2718;1759;-527
52005;691;626;905;2222;1317;-65
52006;3516;812;1591;5919;4328;-2704
52007;497;240;560;1297;737;-257
52008;606;214;566;1386;820;-392
52009;1149;1522;2223;4894;2671;373
52010;374;107;466;947;481;-267
52011;1505;2152;2638;6295;3657;647
52012;5252;3320;6359;14931;8572;-1932
52013;541;355;882;1778;896;-186
52014;659;1232;1930;3821;1891;573
52015;1880;2769;5104;9753;4649;889
52016;3582;3478;1732;8792;7060;-104
52017;2967;601;1871;5439;3568;-2366
52018;353;127;342;822;480;-226
52019;761;112;454;1327;873;-649
52020;639;856;1483;2978;1495;217
52021;362;307;647;1316;669;-55
52022;6358;5313;9317;20988;11671;-1045
52023;335;395;572;1302;730;60
52024;218;349;320;887;567;131
52025;149;154;212;515;303;5
52026;1287;533;1299;3119;1820;-754
52027;254;229;379;862;483;-25
52028;2121;1843;2169;6133;3964;-278
52029;200;86;128;414;286;-114
52030;452;389;904;1745;841;-63
52031;956;262;1182;2400;1218;-694
52032;4089;23077;23191;50357;27166;18988
52033;2739;1742;3468;7949;4481;-997
52034;3328;1424;2141;6893;4752;-1904
52035;1735;965;1936;4636;2700;-770
52036;280;209;318;807;489;-71
53001;794;682;1068;2544;1476;-112
53002;654;235;415;1304;889;-419
53003;565;311;1207;2083;876;-254
53004;673;851;1444;2968;1524;178
53005;277;108;266;651;385;-169
53006;878;1163;2099;4140;2041;285
53007;464;241;551;1256;705;-223
53008;531;299;856;1686;830;-232
53009;2917;2379;6345;11641;5296;-538
53010;2011;485;1690;4186;2496;-1526
53011;3477;6811;35306;45594;10288;3334
53012;14;32;402;448;46;18
53013;734;196;1006;1936;930;-538
53014;637;565;2431;3633;1202;-72
53015;1207;835;2198;4240;2042;-372
53016;1156;787;3791;5734;1943;-369
53017;150;75;239;464;225;-75
53018;1536;1815;5166;8517;3351;279
53019;418;419;1214;2051;837;1
53020;175;54;285;514;229;-121
53021;1586;390;2401;4377;1976;-1196
53022;460;350;696;1506;810;-110
53023;617;232;1136;1985;849;-385
53024;973;1453;759;3185;2426;480
53025;206;106;193;505;312;-100
53026;509;259;869;1637;768;-250
53027;255;140;276;671;395;-115
53028;153;78;260;491;231;-75
54001;4597;6512;9299;20408;11109;1915
54002;5657;4253;6179;16089;9910;-1404
54003;1338;683;913;2934;2021;-655
54004;1405;549;1059;3013;1954;-856
54005;626;581;570;1777;1207;-45
54006;1383;504;880;2767;1887;-879
54007;326;211;1331;1868;537;-115
54008;994;494;703;2191;1488;-500
54009;2583;1544;4666;8793;4127;-1039
54010;193;95;291;579;288;-98
54011;1067;702;821;2590;1769;-365
54012;1522;1218;2098;4838;2740;-304
54013;4128;4848;16514;25490;8976;720
54014;945;422;826;2193;1367;-523
54015;7114;5059;4498;16671;12173;-2055
54016;308;82;220;610;390;-226
54017;2714;1159;2414;6287;3873;-1555
54018;6330;7551;20745;34626;13881;1221
54019;581;945;726;2252;1526;364
54020;600;327;342;1269;927;-273
54021;855;526;984;2365;1381;-329
54022;1308;632;1373;3313;1940;-676
54023;2172;1209;4776;8157;3381;-963
54024;2636;1649;13266;17551;4285;-987
54025;122;92;122;336;214;-30
54026;3711;1754;3926;9391;5465;-1957
54027;3928;2232;5767;11927;6160;-1696
54028;758;535;923;2216;1293;-223
54029;501;79;173;753;580;-422
54030;1455;462;1192;3109;1917;-993
54031;84;39;186;309;123;-45
54032;436;117;163;716;553;-319
54033;492;550;288;1330;1042;58
54034;928;858;1638;3424;1786;-70
54035;258;490;2040;2788;748;232
54036;290;153;173;616;443;-137
54037;1389;954;1353;3696;2343;-435
54038;1284;736;1337;3357;2020;-548
54039;11927;31882;73939;117748;43809;19955
54040;1003;489;750;2242;1492;-514
54041;410;92;554;1056;502;-318
54042;23;2;11;36;25;-21
54043;127;97;187;411;224;-30
54044;3239;1625;2706;7570;4864;-1614
54045;150;238;88;476;388;88
54046;305;114;247;666;419;-191
54047;150;63;70;283;213;-87
54048;201;73;245;519;274;-128
54049;636;189;444;1269;825;-447
54050;2413;1272;1790;5475;3685;-1141
54051;2602;3773;15007;21382;6375;1171
54052;1781;2343;5780;9904;4124;562
54053;2256;1353;1363;4972;3609;-903
54054;1923;1624;2134;5681;3547;-299
54055;1022;188;755;1965;1210;-834
54056;2555;2471;5903;10929;5026;-84
54057;824;260;840;1924;1084;-564
54058;138;48;25;211;186;-90
54059;368;184;246;798;552;-184
55001;1128;460;1097;2685;1588;-668
55002;532;232;286;1050;764;-300
55003;389;87;247;723;476;-302
55004;2380;862;2964;6206;3242;-1518
55005;784;262;489;1535;1046;-522
55006;484;182;377;1043;666;-302
55007;630;320;551;1501;950;-310
55008;410;100;300;810;510;-310
55009;480;150;420;1050;630;-330
55010;904;260;472;1636;1164;-644
55011;506;457;855;1818;963;-49
55012;499;128;282;909;627;-371
55013;371;129;343;843;500;-242
55014;464;165;371;1000;629;-299
55015;445;112;304;861;557;-333
55016;318;105;248;671;423;-213
55017;1462;523;964;2949;1985;-939
55018;371;153;311;835;524;-218
55019;444;114;165;723;558;-330
55020;254;51;214;519;305;-203
55021;414;90;216;720;504;-324
55022;3471;3797;5481;12749;7268;326
55023;1426;4238;8557;14221;5664;2812
55024;440;158;262;860;598;-282
55025;116;40;72;228;156;-76
55026;255;43;170;468;298;-212
55027;70;8;14;92;78;-62
55028;718;96;277;1091;814;-622
55029;1533;570;824;2927;2103;-963
55030;573;189;500;1262;762;-384
55031;1696;593;664;2953;2289;-1103
55032;6379;12461;45198;64038;18840;6082
55033;603;220;567;1390;823;-383
56001;690;941;1860;3491;1631;251
56002;253;38;89;380;291;-215
56003;655;499;863;2017;1154;-156
56004;293;96;144;533;389;-197
56005;1216;533;894;2643;1749;-683
56006;363;107;154;624;470;-256
56007;726;176;655;1557;902;-550
56008;623;210;1037;1870;833;-413
56009;500;134;264;898;634;-366
56010;274;56;91;421;330;-218
56011;807;152;575;1534;959;-655
56012;822;325;1441;2588;1147;-497
56013;410;130;256;796;540;-280
56014;1655;497;1503;3655;2152;-1158
56015;1083;648;1402;3133;1731;-435
56016;499;163;355;1017;662;-336
56017;782;368;453;1603;1150;-414
56018;559;159;487;1205;718;-400
56019;348;148;253;749;496;-200
56020;320;71;131;522;391;-249
56021;2092;3595;5139;10826;5687;1503
56022;378;158;259;795;536;-220
56023;821;357;882;2060;1178;-464
56024;2132;1116;1711;4959;3248;-1016
56025;646;96;340;1082;742;-550
56026;275;52;300;627;327;-223
56027;651;366;637;1654;1017;-285
56028;255;149;313;717;404;-106
56029;610;118;321;1049;728;-492
56030;526;145;587;1258;671;-381
56031;496;96;492;1084;592;-400
56032;223;34;91;348;257;-189
56033;227;68;154;449;295;-159
56034;723;229;716;1668;952;-494
56035;1085;805;2854;4744;1890;-280
56036;2354;1371;3835;7560;3725;-983
56037;526;146;385;1057;672;-380
56038;1239;317;670;2226;1556;-922
56039;2297;1154;2302;5753;3451;-1143
56040;176;36;135;347;212;-140
56041;1127;243;573;1943;1370;-884
56042;2026;1242;2211;5479;3268;-784
56043;511;105;376;992;616;-406
56044;150;54;94;298;204;-96
56045;1712;1158;2130;5000;2870;-554
56046;420;37;165;622;457;-383
56047;475;111;438;1024;586;-364
56048;1833;582;1988;4403;2415;-1251
56049;1687;435;1264;3386;2122;-1252
56050;1887;1534;5632;9053;3421;-353
56051;90;15;28;133;105;-75
56052;1318;470;2327;4115;1788;-848
56053;639;319;626;1584;958;-320
56054;726;159;458;1343;885;-567
56055;1090;106;811;2007;1196;-984
56056;570;70;399;1039;640;-500
56057;2943;892;3329;7164;3835;-2051
56058;1086;454;857;2397;1540;-632
56059;3976;18074;26729;48779;22050;14098
56060;1851;508;886;3245;2359;-1343
57001;104;67;152;323;171;-37
57002;109;263;845;1217;372;154
57003;746;273;521;1540;1019;-473
57004;47;9;27;83;56;-38
57005;212;17;82;311;229;-195
57006;139;16;75;230;155;-123
57007;967;199;1041;2207;1166;-768
57008;333;134;141;608;467;-199
57009;917;159;324;1400;1076;-758
57010;592;76;240;908;668;-516
57011;189;27;98;314;216;-162
57012;258;241;248;747;499;-17
57013;69;26;41;136;95;-43
57014;320;47;104;471;367;-273
57015;366;63;149;578;429;-303
57016;1896;1888;1494;5278;3784;-8
57017;70;263;54;387;333;193
57018;104;26;47;177;130;-78
57019;73;25;67;165;98;-48
57020;14;30;7;51;44;16
57021;406;87;259;752;493;-319
57022;177;66;63;306;243;-111
57023;91;10;29;130;101;-81
57024;209;12;88;309;221;-197
57025;1032;249;611;1892;1281;-783
57026;121;117;92;330;238;-4
57027;3345;1739;2867;7951;5084;-1606
57028;275;26;202;503;301;-249
57029;897;217;479;1593;1114;-680
57030;236;114;84;434;350;-122
57031;415;149;229;793;564;-266
57032;94;28;30;152;122;-66
57033;278;78;668;1024;356;-200
57034;132;14;54;200;146;-118
57035;684;484;1045;2213;1168;-200
57036;11;6;2;19;17;-5
57037;28;11;13;52;39;-17
57038;144;14;47;205;158;-130
57039;127;9;20;156;136;-118
57040;213;69;118;400;282;-144
57041;353;35;197;585;388;-318
57042;80;7;22;109;87;-73
57043;216;33;103;352;249;-183
57044;1328;358;675;2361;1686;-970
57045;107;19;19;145;126;-88
57046;78;6;24;108;84;-72
57047;101;11;48;160;112;-90
57048;39;5;11;55;44;-34
57049;380;97;363;840;477;-283
57050;263;89;183;535;352;-174
57051;600;72;336;1008;672;-528
57052;450;68;157;675;518;-382
57053;1461;2049;1506;5016;3510;588
57054;705;404;640;1749;1109;-301
57055;739;239;389;1367;978;-500
57056;199;27;36;262;226;-172
57057;128;96;129;353;224;-32
57058;62;8;20;90;70;-54
57059;4128;9370;18877;32375;13498;5242
57060;401;61;157;619;462;-340
57061;168;31;67;266;199;-137
57062;181;101;130;412;282;-80
57063;157;36;60;253;193;-121
57064;892;76;416;1384;968;-816
57065;360;68;143;571;428;-292
57066;663;113;455;1231;776;-550
57067;418;95;210;723;513;-323
57068;324;42;133;499;366;-282
57069;381;102;176;659;483;-279
57070;293;183;263;739;476;-110
57071;64;5;13;82;69;-59
57072;69;28;18;115;97;-41
57073;26;27;20;73;53;1
58001;405;91;268;764;496;-314
58002;589;66;255;910;655;-523
58003;11409;7795;8235;27439;19204;-3614
58004;1187;133;729;2049;1320;-1054
58005;5711;839;4039;10589;6550;-4872
58006;273;27;162;462;300;-246
58007;10798;6417;13106;30321;17215;-4381
58008;360;108;189;657;468;-252
58009;6109;5606;3050;14765;11715;-503
58010;505;145;271;921;650;-360
58011;3645;937;2969;7551;4582;-2708
58012;805;113;552;1470;918;-692
58013;4182;3421;5278;12881;7603;-761
58014;114;14;66;194;128;-100
58015;3448;707;2715;6870;4155;-2741
58016;1309;228;621;2158;1537;-1081
58017;127;27;57;211;154;-100
58018;3002;1793;2100;6895;4795;-1209
58019;78;14;37;129;92;-64
58020;1274;91;744;2109;1365;-1183
58021;229;15;66;310;244;-214
58022;3178;1464;1367;6009;4642;-1714
58023;2314;441;1433;4188;2755;-1873
58024;2754;981;1378;5113;3735;-1773
58025;317;44;88;449;361;-273
58026;3177;760;1933;5870;3937;-2417
58027;427;68;154;649;495;-359
58028;139;19;38;196;158;-120
58029;9604;1793;8065;19462;11397;-7811
58030;396;64;216;676;460;-332
58031;213;52;88;353;265;-161
58032;4292;5982;21198;31472;10274;1690
58033;567;79;240;886;646;-488
58034;4288;7089;6573;17950;11377;2801
58035;1511;586;651;2748;2097;-925
58036;3713;3754;3528;10995;7467;41
58037;168;20;37;225;188;-148
58038;3704;1844;2669;8217;5548;-1860
58039;5649;10607;4658;20914;16256;4958
58040;1766;391;1136;3293;2157;-1375
58041;754;144;261;1159;898;-610
58042;1649;452;1139;3240;2101;-1197
58043;6555;3740;5465;15760;10295;-2815
58044;390;43;157;590;433;-347
58045;270;36;85;391;306;-234
58046;5844;4490;3875;14209;10334;-1354
58047;24251;8566;19541;52358;32817;-15685
58048;73;71;42;186;144;-2
58049;2255;387;1075;3717;2642;-1868
58050;4718;1107;2174;7999;5825;-3611
58051;248;49;160;457;297;-199
58052;544;38;190;772;582;-506
58053;334;46;117;497;380;-288
58054;2105;603;1236;3944;2708;-1502
58055;231;38;76;345;269;-193
58056;2244;223;1113;3580;2467;-2021
58057;12251;3687;7356;23294;15938;-8564
58058;934;108;474;1516;1042;-826
58059;7338;1231;3697;12266;8569;-6107
58060;4282;1280;1749;7311;5562;-3002
58061;435;32;218;685;467;-403
58062;696;163;318;1177;859;-533
58063;1481;957;1081;3519;2438;-524
58064;3316;1127;1307;5750;4443;-2189
58065;10502;7576;10784;28862;18078;-2926
58066;579;52;357;988;631;-527
58067;833;89;534;1456;922;-744
58068;2684;984;1490;5158;3668;-1700
58069;421;152;178;751;573;-269
58070;717;619;273;1609;1336;-98
58071;546;178;363;1087;724;-368
58072;10408;3699;11055;25162;14107;-6709
58073;1522;571;1675;3768;2093;-951
58074;4824;3760;5381;13965;8584;-1064
58075;3507;1153;2621;7281;4660;-2354
58076;89; ;22;89 22;89 ;-89
58077;297;19;48;364;316;-278
58078;684;291;392;1367;975;-393
58079;11266;23556;19701;54523;34822;12290
58080;342;96;210;648;438;-246
58081;3258;439;1913;5610;3697;-2819
58082;2977;729;1881;5587;3706;-2248
58083;193;161;146;500;354;-32
58084;63;32;29;124;95;-31
58085;129;16;33;178;145;-113
58086;5390;751;2506;8647;6141;-4639
58087;81;9;6;96;90;-72
58088;3812;551;1805;6168;4363;-3261
58089;269;19;169;457;288;-250
58090;251;42;57;350;293;-209
58091;54076;293692;1284994;1632762;347768;239616
58092;482;26;189;697;508;-456
58093;2185;295;1155;3635;2480;-1890
58094;336;41;121;498;377;-295
58095;483;38;233;754;521;-445
58096;1091;82;307;1480;1173;-1009
58097;4047;857;3798;8702;4904;-3190
58098;1678;167;545;2390;1845;-1511
58099;1075;291;769;2135;1366;-784
58100;922;194;635;1751;1116;-728
58101;42;4;19;65;46;-38
58102;2783;604;1500;4887;3387;-2179
58103;1573;1247;2696;5516;2820;-326
58104;11122;10154;15329;36605;21276;-968
58105;1361;285;1060;2706;1646;-1076
58106;338;159;149;646;497;-179
58107;1208;297;1188;2693;1505;-911
58108;38;13;76;127;51;-25
58109;101;8;17;126;109;-93
58110;3794;1976;3289;9059;5770;-1818
58111;9086;6500;15195;30781;15586;-2586
58112;1205;203;602;2010;1408;-1002
58113;40;7;13;60;47;-33
58114;5328;1429;3174;9931;6757;-3899
58115;3785;703;2555;7043;4488;-3082
58116;9741;2206;9287;21234;11947;-7535
58117;13492;2092;7404;22988;15584;-11400
58118;12164;6716;7667;26547;18880;-5448
58119;4571;1735;2646;8952;6306;-2836
58120;14134;22048;22650;58832;36182;7914
58122;9826;2445;5969;18240;12271;-7381
59001;13343;9766;21003;44112;23109;-3577
59002;418;61;264;743;479;-357
59003;164;49;100;313;213;-115
59004;1043;472;807;2322;1515;-571
59005;7035;4354;10551;21940;11389;-2681
59006;2761;549;2689;5999;3310;-2212
59007;4117;2412;14266;20795;6529;-1705
59008;5232;5992;11347;22571;11224;760
59009;2436;3202;5701;11339;5638;766
59010;2383;340;2296;5019;2723;-2043
59011;11964;22254;48001;82219;34218;10290
59012;969;127;805;1901;1096;-842
59013;780;89;551;1420;869;-691
59014;4108;1462;4222;9792;5570;-2646
59015;1389;189;1150;2728;1578;-1200
59016;1080;96;770;1946;1176;-984
59017;3342;1981;3204;8527;5323;-1361
59018;12;16;973;1001;28;4
59019;2874;1277;3639;7790;4151;-1597
59020;272;108;217;597;380;-164
59021;1353;106;772;2231;1459;-1247
59022;376;102;102;580;478;-274
59023;302;83;195;580;385;-219
59024;3461;3820;5372;12653;7281;359
59025;1493;791;2071;4355;2284;-702
59026;1602;488;1341;3431;2090;-1114
59027;2869;1507;1581;5957;4376;-1362
59028;5025;1031;6006;12062;6056;-3994
59029;1739;306;1277;3322;2045;-1433
59030;563;470;944;1977;1033;-93
59031;808;371;528;1707;1179;-437
59032;5072;3807;13977;22856;8879;-1265
59033;16;8;206;230;24;-8
60001;62;9;25;96;71;-53
60002;473;64;369;906;537;-409
60003;5840;2387;7862;16089;8227;-3453
60004;529;252;540;1321;781;-277
60005;927;100;902;1929;1027;-827
60006;2789;6960;7524;17273;9749;4171
60007;1370;454;933;2757;1824;-916
60008;1491;485;823;2799;1976;-1006
60009;716;74;264;1054;790;-642
60010;1693;1032;1419;4144;2725;-661
60011;836;950;1036;2822;1786;114
60012;653;356;481;1490;1009;-297
60013;244;27;99;370;271;-217
60014;2097;504;1677;4278;2601;-1593
60015;854;697;465;2016;1551;-157
60016;442;55;220;717;497;-387
60017;114;14;22;150;128;-100
60018;494;243;518;1255;737;-251
60019;3523;17368;12216;33107;20891;13845
60020;975;483;488;1946;1458;-492
60021;292;78;124;494;370;-214
60022;1095;509;654;2258;1604;-586
60023;1125;221;852;2198;1346;-904
60024;5132;2377;5487;12996;7509;-2755
60025;1675;954;2076;4705;2629;-721
60026;2286;336;1130;3752;2622;-1950
60027;460;216;270;946;676;-244
60028;282;29;112;423;311;-253
60029;194;15;76;285;209;-179
60030;412;149;289;850;561;-263
60031;1021;120;582;1723;1141;-901
60032;184;21;31;236;205;-163
60033;4048;4063;5683;13794;8111;15
60034;79;19;113;211;98;-60
60035;1446;1560;3015;6021;3006;114
60036;766;306;430;1502;1072;-460
60037;401;48;153;602;449;-353
60038;5235;21029;15902;42166;26264;15794
60039;456;76;297;829;532;-380
60040;315;180;194;689;495;-135
60041;701;116;318;1135;817;-585
60042;409;197;269;875;606;-212
60043;2909;1815;2124;6848;4724;-1094
60044;3294;549;2354;6197;3843;-2745
60045;837;274;578;1689;1111;-563
60046;2013;997;1801;4811;3010;-1016
60047;347;39;227;613;386;-308
60048;897;1164;525;2586;2061;267
60049;509;36;123;668;545;-473
60050;306;31;176;513;337;-275
60051;773;56;461;1290;829;-717
60052;1249;5084;1559;7892;6333;3835
60053;1220;162;761;2143;1382;-1058
60054;683;285;413;1381;968;-398
60055;996;215;723;1934;1211;-781
60056;2548;1346;3391;7285;3894;-1202
60057;333;59;126;518;392;-274
60058;1245;310;985;2540;1555;-935
60059;309;55;77;441;364;-254
60060;1654;807;1489;3950;2461;-847
60061;79;9;33;121;88;-70
60062;481;114;373;968;595;-367
60063;691;455;675;1821;1146;-236
60064;850;145;563;1558;995;-705
60065;349;15;65;429;364;-334
60066;362;47;204;613;409;-315
60067;565;94;254;913;659;-471
60068;1719;353;999;3071;2072;-1366
60069;383;38;217;638;421;-345
60070;682;348;523;1553;1030;-334
60071;848;92;536;1476;940;-756
60072;255;20;81;356;275;-235
60073;720;121;418;1259;841;-599
60074;3243;7218;8623;19084;10461;3975
60075;555;179;429;1163;734;-376
60076;1348;334;757;2439;1682;-1014
60077;89;13;51;153;102;-76
60078;420;35;149;604;455;-385
60079;1425;290;726;2441;1715;-1135
60080;397;117;305;819;514;-280
60081;510;119;259;888;629;-391
60082;649;42;386;1077;691;-607
60083;293;18;97;408;311;-275
60084;368;55;188;611;423;-313
60085;4471;1920;4821;11212;6391;-2551
60086;240;92;102;434;332;-148
60087;591;76;328;995;667;-515
60088;239;156;184;579;395;-83
60089;866;596;370;1832;1462;-270
60090;392;53;354;799;445;-339
60091;45;12;41;98;57;-33
61001;266;135;232;633;401;-131
61002;1466;953;1692;4111;2419;-513
61003;909;350;977;2236;1259;-559
61004;1179;812;1039;3030;1991;-367
61005;7079;20006;14774;41859;27085;12927
61006;453;150;476;1079;603;-303
61007;1239;390;1214;2843;1629;-849
61008;459;423;329;1211;882;-36
61009;1007;587;1182;2776;1594;-420
61010;1463;326;1118;2907;1789;-1137
61011;507;92;274;873;599;-415
61012;630;633;1360;2623;1263;3
61013;3144;771;1460;5375;3915;-2373
61014;336;74;328;738;410;-262
61015;3301;8456;5261;17018;11757;5155
61016;1768;2516;1199;5483;4284;748
61017;1397;751;1597;3745;2148;-646
61018;3698;1955;2230;7883;5653;-1743
61019;2857;1403;4714;8974;4260;-1454
61020;2107;534;1951;4592;2641;-1573
61021;2373;1018;1327;4718;3391;-1355
61022;10978;30405;24648;66031;41383;19427
61023;332;257;322;911;589;-75
61024;286;105;176;567;391;-181
61025;353;60;262;675;413;-293
61026;905;296;732;1933;1201;-609
61027;3087;1952;5061;10100;5039;-1135
61028;1140;280;948;2368;1420;-860
61029;2094;617;1504;4215;2711;-1477
61030;120;74;40;234;194;-46
61031;256;154;177;587;410;-102
61032;2194;658;922;3774;2852;-1536
61033;516;246;367;1129;762;-270
61034;187;35;155;377;222;-152
61035;292;184;310;786;476;-108
61036;1007;559;1215;2781;1566;-448
61037;1786;587;1401;3774;2373;-1199
61038;106;16;107;229;122;-90
61039;463;156;505;1124;619;-307
61040;194;43;36;273;237;-151
61041;661;190;670;1521;851;-471
61042;1385;1134;1705;4224;2519;-251
61043;2429;2833;2231;7493;5262;404
61044;97;26;154;277;123;-71
61045;255;31;145;431;286;-224
61046;3913;930;2172;7015;4843;-2983
61047;3016;635;1487;5138;3651;-2381
61048;5448;5855;11218;22521;11303;407
61049;5704;12013;12400;30117;17717;6309
61050;523;126;336;985;649;-397
61051;681;328;683;1692;1009;-353
61052;2417;1164;7680;11261;3581;-1253
61053;6385;1546;4515;12446;7931;-4839
61054;2299;507;2303;5109;2806;-1792
61055;755;1231;591;2577;1986;476
61056;516;326;418;1260;842;-190
61057;1309;3917;3623;8849;5226;2608
61058;912;263;975;2150;1175;-649
61059;624;232;621;1477;856;-392
61060;1268;1548;1427;4243;2816;280
61061;344;244;325;913;588;-100
61062;2451;650;1265;4366;3101;-1801
61063;307;71;281;659;378;-236
61064;357;199;293;849;556;-158
61065;345;259;318;922;604;-86
61066;292;34;219;545;326;-258
61067;2291;357;1194;3842;2648;-1934
61068;487;384;508;1379;871;-103
61069;730;418;622;1770;1148;-312
61070;664;172;771;1607;836;-492
61071;165;57;143;365;222;-108
61072;136;27;47;210;163;-109
61073;419;134;246;799;553;-285
61074;2593;1235;2302;6130;3828;-1358
61075;3544;1221;3569;8334;4765;-2323
61076;184;35;215;434;219;-149
61077;2709;776;2154;5639;3485;-1933
61078;6155;2516;3820;12491;8671;-3639
61079;256;86;129;471;342;-170
61080;566;156;253;975;722;-410
61081;3818;873;1783;6474;4691;-2945
61082;3057;2059;3229;8345;5116;-998
61083;5034;11958;8376;25368;16992;6924
61084;693;147;506;1346;840;-546
61085;1784;470;584;2838;2254;-1314
61086;469;113;350;932;582;-356
61087;3462;1194;2399;7055;4656;-2268
61088;2644;3164;6006;11814;5808;520
61089;1486;765;1695;3946;2251;-721
61090;2098;1028;1373;4499;3126;-1070
61091;1682;1798;3577;7057;3480;116
61092;3916;3637;2306;9859;7553;-279
61093;217;72;113;402;289;-145
61094;4183;1558;3578;9319;5741;-2625
61095;1040;2356;1907;5303;3396;1316
61096;88;16;115;219;104;-72
61097;669;274;495;1438;943;-395
61098;1539;379;959;2877;1918;-1160
61099;1630;759;2496;4885;2389;-871
61100;1790;1058;1499;4347;2848;-732
61101;696;307;691;1694;1003;-389
61102;1407;798;1779;3984;2205;-609
61103;1236;764;1212;3212;2000;-472
61104;1673;1647;1177;4497;3320;-26
62001;1468;1371;2186;5025;2839;-97
62002;649;250;489;1388;899;-399
62003;1097;301;1322;2720;1398;-796
62004;732;152;424;1308;884;-580
62005;563;315;246;1124;878;-248
62006;253;25;39;317;278;-228
62007;204;82;609;895;286;-122
62008;3315;20061;23994;47370;23376;16746
62009;418;255;192;865;673;-163
62010;512;110;405;1027;622;-402
62011;269;78;402;749;347;-191
62012;776;374;425;1575;1150;-402
62013;253;44;146;443;297;-209
62014;334;120;340;794;454;-214
62015;267;86;326;679;353;-181
62016;116;26;265;407;142;-90
62017;218;97;355;670;315;-121
62018;311;34;161;506;345;-277
62019;509;489;381;1379;998;-20
62020;126;31;158;315;157;-95
62021;485;124;354;963;609;-361
62022;954;323;437;1714;1277;-631
62023;643;1157;1097;2897;1800;514
62024;335;161;645;1141;496;-174
62025;270;383;635;1288;653;113
62026;612;86;998;1696;698;-526
62027;529;211;575;1315;740;-318
62028;322;121;614;1057;443;-201
62029;625;451;667;1743;1076;-174
62030;873;373;738;1984;1246;-500
62031;187;79;336;602;266;-108
62032;401;192;184;777;593;-209
62033;229;59;155;443;288;-170
62034;364;173;355;892;537;-191
62035;407;174;454;1035;581;-233
62036;68;38;107;213;106;-30
62037;752;402;1385;2539;1154;-350
62038;708;486;908;2102;1194;-222
62039;425;119;301;845;544;-306
62040;937;179;776;1892;1116;-758
62041;263;99;425;787;362;-164
62042;159;120;412;691;279;-39
62043;1993;2663;4235;8891;4656;670
62044;491;534;1534;2559;1025;43
62045;715;159;841;1715;874;-556
62046;437;86;486;1009;523;-351
62047;440;55;368;863;495;-385
62048;514;408;389;1311;922;-106
62049;336;129;292;757;465;-207
62050;360;138;437;935;498;-222
62051;104;23;130;257;127;-81
62052;595;260;686;1541;855;-335
62053;541;564;675;1780;1105;23
62054;424;102;481;1007;526;-322
62055;365;219;172;756;584;-146
62056;245;75;245;565;320;-170
62057;285;339;1673;2297;624;54
62058;2316;1321;2301;5938;3637;-995
62059;373;102;815;1290;475;-271
62060;872;165;467;1504;1037;-707
62061;591;238;408;1237;829;-353
62062;460;86;450;996;546;-374
62063;221;52;108;381;273;-169
62064;370;535;1047;1952;905;165
62065;432;88;130;650;520;-344
62066;312;23;104;439;335;-289
62067;1303;177;388;1868;1480;-1126
62068;839;854;860;2553;1693;15
62069;185;45;149;379;230;-140
62070;1413;1290;3111;5814;2703;-123
62071;1412;166;537;2115;1578;-1246
62072;151;23;80;254;174;-128
62073;754;263;772;1789;1017;-491
62074;1313;2454;1956;5723;3767;1141
62075;359;60;284;703;419;-299
62076;706;501;861;2068;1207;-205
62077;741;187;553;1481;928;-554
62078;135;42;33;210;177;-93
63001;11133;3336;14214;28683;14469;-7797
63002;8402;6865;15623;30890;15267;-1537
63003;1087;396;2065;3548;1483;-691
63004;1071;303;1924;3298;1374;-768
63005;5481;7869;8397;21747;13350;2388
63006;5120;2469;5635;13224;7589;-2651
63007;2538;804;1845;5187;3342;-1734
63008;6135;2035;4722;12892;8170;-4100
63009;2673;967;1577;5217;3640;-1706
63010;4239;927;2795;7961;5166;-3312
63011;5607;5604;9395;20606;11211;-3
63012;3525;1446;1830;6801;4971;-2079
63013;1606;423;701;2730;2029;-1183
63014;372;1456;2752;4580;1828;1084
63015;860;139;273;1272;999;-721
63016;5601;2187;3758;11546;7788;-3414
63017;10949;5607;11838;28394;16556;-5342
63018;1016;607;466;2089;1623;-409
63019;1760;1516;1895;5171;3276;-244
63020;3308;2838;2274;8420;6146;-470
63021;4671;2521;3073;10265;7192;-2150
63022;966;417;690;2073;1383;-549
63023;16049;11501;17020;44570;27550;-4548
63024;8076;9655;19984;37715;17731;1579
63025;2630;688;790;4108;3318;-1942
63026;4970;2592;3036;10598;7562;-2378
63027;2771;1860;2798;7429;4631;-911
63028;2097;724;1121;3942;2821;-1373
63029;518;623;215;1356;1141;105
63030;3230;901;2054;6185;4131;-2329
63031;2514;1335;4811;8660;3849;-1179
63032;4957;8817;6892;20666;13774;3860
63033;4067;1190;2327;7584;5257;-2877
63034;21849;11188;26106;59143;33037;-10661
63035;5740;3498;7614;16852;9238;-2242
63036;3647;1836;3584;9067;5483;-1811
63037;2129;4035;6269;12433;6164;1906
63038;941;1375;976;3292;2316;434
63039;1548;296;1120;2964;1844;-1252
63040;398;188;240;826;586;-210
63041;12553;4250;11899;28702;16803;-8303
63042;2382;1183;1188;4753;3565;-1199
63043;6508;3642;6956;17106;10150;-2866
63044;2828;678;3847;7353;3506;-2150
63045;8962;2778;6879;18619;11740;-6184
63046;2290;1400;1319;5009;3690;-890
63047;2537;871;2408;5816;3408;-1666
63048;9191;2726;6354;18271;11917;-6465
63049;40446;196335;342262;579043;236781;155889
63050;5577;19791;9336;34704;25368;14214
63051;4754;4093;5344;14191;8847;-661
63052;2845;1848;4254;8947;4693;-997
63053;3091;2815;2832;8738;5906;-276
63054;1275;171;1476;2922;1446;-1104
63055;3690;2044;5800;11534;5734;-1646
63056;3882;1980;2297;8159;5862;-1902
63057;7339;16537;10496;34372;23876;9198
63058;5191;5969;5979;17139;11160;778
63059;11436;7862;11867;31165;19298;-3574
63060;12431;14548;21693;48672;26979;2117
63061;628;276;2921;3825;904;-352
63062;5127;2053;5028;12208;7180;-3074
63063;8114;3377;9107;20598;11491;-4737
63064;10289;2762;9347;22398;13051;-7527
63065;1731;624;1288;3643;2355;-1107
63066;2888;1680;2479;7047;4568;-1208
63067;9989;5928;8511;24428;15917;-4061
63068;4633;3769;6848;15250;8402;-864
63069;1131;254;487;1872;1385;-877
63070;2494;2070;1640;6204;4564;-424
63071;2641;1412;1607;5660;4053;-1229
63072;5796;2566;5897;14259;8362;-3230
63073;4529;2584;7821;14934;7113;-1945
63074;4251;1927;4912;11090;6178;-2324
63075;1901;970;961;3832;2871;-931
63076;3578;1614;3210;8402;5192;-1964
63077;1795;435;969;3199;2230;-1360
63078;817;330;595;1742;1147;-487
63079;6818;4587;8703;20108;11405;-2231
63080;2427;6985;5591;15003;9412;4558
63081;1519;802;2329;4650;2321;-717
63082;3641;1530;3773;8944;5171;-2111
63083;6298;6709;10809;23816;13007;411
63084;9608;5376;23274;38258;14984;-4232
63085;1174;286;604;2064;1460;-888
63086;4168;1821;5481;11470;5989;-2347
63087;8062;3173;4921;16156;11235;-4889
63088;1003;176;1114;2293;1179;-827
63089;5326;3350;5015;13691;8676;-1976
63090;2880;1378;2550;6808;4258;-1502
63091;2761;783;1302;4846;3544;-1978
63092;1531;380;699;2610;1911;-1151
64001;1420;205;490;2115;1625;-1215
64002;799;222;951;1972;1021;-577
64003;302;60;398;760;362;-242
64004;300;31;363;694;331;-269
64005;1523;2795;8230;12548;4318;1272
64006;2855;2864;2297;8016;5719;9
64007;1937;599;1641;4177;2536;-1338
64008;6520;24085;18778;49383;30605;17565
64009;523;112;759;1394;635;-411
64010;1241;801;757;2799;2042;-440
64011;564;211;1033;1808;775;-353
64012;520;85;431;1036;605;-435
64013;70;9;32;111;79;-61
64014;373;115;436;924;488;-258
64015;337;652;1462;2451;989;315
64016;354;40;189;583;394;-314
64017;469;171;935;1575;640;-298
64018;891;62;253;1206;953;-829
64019;263;41;232;536;304;-222
64020;330;63;374;767;393;-267
64021;241;83;168;492;324;-158
64022;296;82;212;590;378;-214
64023;480;66;375;921;546;-414
64024;355;50;284;689;405;-305
64025;1668;676;2486;4830;2344;-992
64026;891;158;351;1400;1049;-733
64027;157;19;31;207;176;-138
64028;560;139;390;1089;699;-421
64029;832;170;498;1500;1002;-662
64030;239;263;289;791;502;24
64031;459;271;322;1052;730;-188
64032;454;1540;748;2742;1994;1086
64033;629;105;602;1336;734;-524
64034;1348;196;1030;2574;1544;-1152
64035;843;519;789;2151;1362;-324
64036;650;199;726;1575;849;-451
64037;101;26;80;207;127;-75
64038;1391;1862;2398;5651;3253;471
64039;661;64;242;967;725;-597
64040;289;88;238;615;377;-201
64041;264;479;729;1472;743;215
64042;387;82;324;793;469;-305
64043;869;474;656;1999;1343;-395
64044;896;1218;1787;3901;2114;322
64045;278;219;291;788;497;-59
64046;1059;847;528;2434;1906;-212
64047;504;231;315;1050;735;-273
64048;407;76;276;759;483;-331
64049;4127;1955;1924;8006;6082;-2172
64050;971;1632;2149;4752;2603;661
64051;88;33;58;179;121;-55
64052;602;119;959;1680;721;-483
64053;794;263;657;1714;1057;-531
64054;3727;691;1645;6063;4418;-3036
64055;757;706;328;1791;1463;-51
64056;392;174;188;754;566;-218
64057;839;982;2478;4299;1821;143
64058;529;145;380;1054;674;-384
64059;1259;462;1069;2790;1721;-797
64060;155;20;180;355;175;-135
64061;2495;1079;2589;6163;3574;-1416
64062;2320;530;1980;4830;2850;-1790
64063;144;813;326;1283;957;669
64064;310;62;281;653;372;-248
64065;1408;447;1004;2859;1855;-961
64066;605;1157;1107;2869;1762;552
64067;619;209;347;1175;828;-410
64068;466;98;294;858;564;-368
64069;209;97;78;384;306;-112
64070;473;79;499;1051;552;-394
64071;83;7;20;110;90;-76
64072;497;479;435;1411;976;-18
64073;330;223;271;824;553;-107
64074;925;332;474;1731;1257;-593
64075;935;1980;830;3745;2915;1045
64076;734;102;174;1010;836;-632
64077;382;154;367;903;536;-228
64078;566;208;417;1191;774;-358
64079;181;124;150;455;305;-57
64080;916;467;701;2084;1383;-449
64081;222;81;53;356;303;-141
64082;267;91;177;535;358;-176
64083;1089;244;872;2205;1333;-845
64084;774;304;448;1526;1078;-470
64085;196;48;137;381;244;-148
64086;569;85;195;849;654;-484
64087;293;55;289;637;348;-238
64088;432;115;200;747;547;-317
64089;262;68;284;614;330;-194
64090;189;42;123;354;231;-147
64091;190;34;59;283;224;-156
64092;535;2032;1162;3729;2567;1497
64093;418;66;157;641;484;-352
64095;647;109;316;1072;756;-538
64096;158;98;202;458;256;-60
64097;240;59;210;509;299;-181
64098;253;49;185;487;302;-204
64099;1458;483;1534;3475;1941;-975
64100;971;245;353;1569;1216;-726
64101;1215;2487;4838;8540;3702;1272
64102;233;129;41;403;362;-104
64103;1063;358;507;1928;1421;-705
64104;709;152;609;1470;861;-557
64105;574;81;152;807;655;-493
64106;354;63;229;646;417;-291
64107;498;75;425;998;573;-423
64108;264;83;256;603;347;-181
64109;464;94;398;956;558;-370
64110;320;166;229;715;486;-154
64111;150;42;64;256;192;-108
64112;240;51;87;378;291;-189
64113;257;114;108;479;371;-143
64114;322;742;796;1860;1064;420
64115;265;124;291;680;389;-141
64116;600;375;552;1527;975;-225
64117;263;41;180;484;304;-222
64118;355;56;371;782;411;-299
64119;638;117;699;1454;755;-521
64120;224;26;273;523;250;-198
65001;358;285;984;1627;643;-73
65002;2269;2799;6363;11431;5068;530
65003;1221;605;1572;3398;1826;-616
65004;154;13;184;351;167;-141
65005;1311;391;1497;3199;1702;-920
65006;558;1611;1808;3977;2169;1053
65007;5560;4232;9539;19331;9792;-1328
65008;222;84;302;608;306;-138
65009;814;389;1384;2587;1203;-425
65010;343;771;563;1677;1114;428
65011;288;116;81;485;404;-172
65012;431;101;541;1073;532;-330
65013;4464;1889;3574;9927;6353;-2575
65014;6833;9546;16689;33068;16379;2713
65015;134;50;139;323;184;-84
65016;1212;154;1255;2621;1366;-1058
65017;625;1125;1269;3019;1750;500
65018;419;196;623;1238;615;-223
65019;481;124;632;1237;605;-357
65020;420;144;347;911;564;-276
65021;509;171;1698;2378;680;-338
65022;2826;775;4374;7975;3601;-2051
65023;73;9;61;143;82;-64
65024;266;23;173;462;289;-243
65025;2376;2671;7505;12552;5047;295
65026;237;92;200;529;329;-145
65027;177;68;243;488;245;-109
65028;886;552;1069;2507;1438;-334
65029;233;104;448;785;337;-129
65030;263;94;397;754;357;-169
65031;819;504;2418;3741;1323;-315
65032;531;839;571;1941;1370;308
65033;81;35;72;188;116;-46
65034;3196;1704;2947;7847;4900;-1492
65035;466;74;573;1113;540;-392
65036;379;51;333;763;430;-328
65037;6725;4273;16672;27670;10998;-2452
65038;311;69;368;748;380;-242
65039;554;310;1206;2070;864;-244
65040;559;110;488;1157;669;-449
65041;424;73;462;959;497;-351
65042;191;410;240;841;601;219
65043;647;260;882;1789;907;-387
65044;167;135;125;427;302;-32
65045;149;109;181;439;258;-40
65046;509;1170;1144;2823;1679;661
65047;605;187;497;1289;792;-418
65048;105;54;93;252;159;-51
65049;153;21;70;244;174;-132
65050;4564;6615;13073;24252;11179;2051
65051;180;59;244;483;239;-121
65052;3177;24150;3246;30573;27327;20973
65053;260;44;107;411;304;-216
65054;204;139;263;606;343;-65
65055;1398;333;1062;2793;1731;-1065
65056;2471;675;2947;6093;3146;-1796
65057;207;72;211;490;279;-135
65058;320;86;257;663;406;-234
65059;251;69;52;372;320;-182
65060;304;199;140;643;503;-105
65061;191;68;433;692;259;-123
65062;108;37;159;304;145;-71
65063;225;77;337;639;302;-148
65064;307;143;93;543;450;-164
65065;156;29;100;285;185;-127
65066;847;962;1580;3389;1809;115
65067;4505;3087;5623;13215;7592;-1418
65068;625;341;648;1614;966;-284
65069;431;51;343;825;482;-380
65070;276;60;376;712;336;-216
65071;378;123;542;1043;501;-255
65072;3389;1126;1699;6214;4515;-2263
65073;2770;840;3031;6641;3610;-1930
65074;110;22;72;204;132;-88
65075;294;26;304;624;320;-268
65076;945;385;1561;2891;1330;-560
65077;154;27;61;242;181;-127
65078;6445;9559;13848;29852;16004;3114
65079;5827;2334;4876;13037;8161;-3493
65080;667;68;421;1156;735;-599
65081;504;239;373;1116;743;-265
65082;1694;263;1300;3257;1957;-1431
65083;486;870;1234;2590;1356;384
65084;404;341;293;1038;745;-63
65085;204;47;192;443;251;-157
65086;93;71;128;292;164;-22
65087;724;809;1354;2887;1533;85
65088;5860;4227;9747;19834;10087;-1633
65089;785;326;978;2089;1111;-459
65090;3370;704;1507;5581;4074;-2666
65091;336;175;277;788;511;-161
65092;214;51;178;443;265;-163
65093;156;43;141;340;199;-113
65094;189;86;338;613;275;-103
65095;103;152;295;550;255;49
65096;312;207;555;1074;519;-105
65097;616;1330;1572;3518;1946;714
65098;271;200;535;1006;471;-71
65099;5760;4563;5904;16227;10323;-1197
65100;334;1039;1558;2931;1373;705
65101;338;100;441;879;438;-238
65102;435;192;496;1123;627;-243
65103;205;159;190;554;364;-46
65104;356;558;801;1715;914;202
65105;185;34;230;449;219;-151
65106;880;1129;2101;4110;2009;249
65107;190;97;370;657;287;-93
65108;2112;1666;1951;5729;3778;-446
65109;136;77;282;495;213;-59
65110;82;13;55;150;95;-69
65111;98;47;105;250;145;-51
65112;162;111;134;407;273;-51
65113;85;19;77;181;104;-66
65114;1339;2096;3864;7299;3435;757
65115;574;243;233;1050;817;-331
65116;12691;33654;45120;91465;46345;20963
65117;110;10;53;173;120;-100
65118;1788;456;1416;3660;2244;-1332
65119;408;140;809;1357;548;-268
65120;618;335;1043;1996;953;-283
65121;1024;146;285;1455;1170;-878
65122;2137;938;2441;5516;3075;-1199
65123;169;34;187;390;203;-135
65124;109;23;91;223;132;-86
65125;460;214;276;950;674;-246
65126;361;95;355;811;456;-266
65127;445;224;750;1419;669;-221
65128;77;55;108;240;132;-22
65129;472;1284;726;2482;1756;812
65130;2173;1307;1691;5171;3480;-866
65131;91;22;58;171;113;-69
65132;2033;876;2692;5601;2909;-1157
65133;396;70;674;1140;466;-326
65134;486;2361;2082;4929;2847;1875
65135;3812;4242;9668;17722;8054;430
65136;796;244;1010;2050;1040;-552
65137;9753;5191;12810;27754;14944;-4562
65138;388;45;276;709;433;-343
65139;96;15;28;139;111;-81
65140;589;1203;929;2721;1792;614
65141;265;128;212;605;393;-137
65142;2063;413;2271;4747;2476;-1650
65143;503;359;822;1684;862;-144
65144;164;51;107;322;215;-113
65145;126;100;198;424;226;-26
65146;1028;813;2197;4038;1841;-215
65147;411;220;360;991;631;-191
65148;331;20;171;522;351;-311
65149;239;240;478;957;479;1
65150;65;21;91;177;86;-44
65151;792;236;970;1998;1028;-556
65152;323;37;335;695;360;-286
65153;45;5;25;75;50;-40
65154;611;5308;3325;9244;5919;4697
65155;309;95;385;789;404;-214
65156;664;243;519;1426;907;-421
65157;1896;591;1371;3858;2487;-1305
65158;3116;1818;2709;7643;4934;-1298
66001;67;19;26;112;86;-48
66002;340;499;268;1107;839;159
66003;176;48;155;379;224;-128
66004;58;34;74;166;92;-24
66005;212;74;236;522;286;-138
66006;3897;10525;16430;30852;14422;6628
66007;829;179;680;1688;1008;-650
66008;229;40;58;327;269;-189
66009;529;139;283;951;668;-390
66010;115;51;135;301;166;-64
66011;23;6;14;43;29;-17
66012;384;47;96;527;431;-337
66013;291;97;232;620;388;-194
66014;18;15;24;57;33;-3
66015;169;19;123;311;188;-150
66016;69;15;77;161;84;-54
66017;197;166;168;531;363;-31
66018;75;15;23;113;90;-60
66019;126;105;158;389;231;-21
66020;1148;201;751;2100;1349;-947
66021;167;58;109;334;225;-109
66022;49;6;8;63;55;-43
66023;111;36;74;221;147;-75
66024;20;3;10;33;23;-17
66025;802;1216;1743;3761;2018;414
66026;36;17;93;146;53;-19
66027;81;15;23;119;96;-66
66028;425;1420;2222;4067;1845;995
66029;253;33;163;449;286;-220
66030;36;6;14;56;42;-30
66031;179;118;165;462;297;-61
66032;2013;757;3269;6039;2770;-1256
66033;439;96;279;814;535;-343
66034;242;25;89;356;267;-217
66035;61;20;45;126;81;-41
66036;586;212;697;1495;798;-374
66037;36;20;20;76;56;-16
66038;248;40;120;408;288;-208
66039;322;50;186;558;372;-272
66040;58;6;24;88;64;-52
66041;299;101;140;540;400;-198
66042;123;3;27;153;126;-120
66043;64;140;65;269;204;76
66044;273;84;74;431;357;-189
66045;59;13;27;99;72;-46
66046;432;185;440;1057;617;-247
66047;117;20;87;224;137;-97
66048;774;43;162;979;817;-731
66049;2696;14430;29256;46382;17126;11734
66050;418;72;270;760;490;-346
66051;1280;306;1679;3265;1586;-974
66052;275;51;158;484;326;-224
66053;923;391;815;2129;1314;-532
66054;558;152;167;877;710;-406
66055;117;14;28;159;131;-103
66056;621;179;555;1355;800;-442
66057;235;87;217;539;322;-148
66058;130;77;104;311;207;-53
66059;452;29;91;572;481;-423
66060;84;40;81;205;124;-44
66061;78;11;92;181;89;-67
66062;341;710;264;1315;1051;369
66063;86;21;25;132;107;-65
66064;448;536;374;1358;984;88
66065;178;92;273;543;270;-86
66066;265;54;194;513;319;-211
66067;216;20;64;300;236;-196
66068;154;149;783;1086;303;-5
66069;939;396;866;2201;1335;-543
66070;161;64;270;495;225;-97
66071;487;32;111;630;519;-455
66072;1148;311;847;2306;1459;-837
66073;333;241;224;798;574;-92
66074;147;12;36;195;159;-135
66075;1698;719;1807;4224;2417;-979
66076;268;42;79;389;310;-226
66077;569;264;587;1420;833;-305
66078;101;75;111;287;176;-26
66079;218;51;91;360;269;-167
66080;276;26;107;409;302;-250
66081;84;31;73;188;115;-53
66082;192;159;370;721;351;-33
66083;31;10;18;59;41;-21
66084;218;352;511;1081;570;134
66085;851;200;953;2004;1051;-651
66086;11;6;2;19;17;-5
66087;467;257;422;1146;724;-210
66088;141;134;163;438;275;-7
66089;261;29;121;411;290;-232
66090;157;10;19;186;167;-147
66091;16;22;16;54;38;6
66092;429;69;324;822;498;-360
66093;253;58;484;795;311;-195
66094;156;59;68;283;215;-97
66095;1238;547;615;2400;1785;-691
66096;844;497;400;1741;1341;-347
66097;62;47;66;175;109;-15
66098;1730;5106;8893;15729;6836;3376
66099;1140;633;1649;3422;1773;-507
66100;72;7;25;104;79;-65
66101;971;174;482;1627;1145;-797
66102;1422;286;1502;3210;1708;-1136
66103;77;42;84;203;119;-35
66104;9;4;5;18;13;-5
66105;165;7;29;201;172;-158
66106;252;29;113;394;281;-223
66107;98;52;158;308;150;-46
66108;196;38;118;352;234;-158
67001;2652;1460;2580;6692;4112;-1192
67002;485;1472;439;2396;1957;987
67003;178;52;121;351;230;-126
67004;1894;1822;3246;6962;3716;-72
67005;632;604;670;1906;1236;-28
67006;2099;598;1402;4099;2697;-1501
67007;466;102;386;954;568;-364
67008;1760;784;1549;4093;2544;-976
67009;650;233;312;1195;883;-417
67010;153;39;48;240;192;-114
67011;1805;2218;1938;5961;4023;413
67012;226;129;257;612;355;-97
67013;478;315;554;1347;793;-163
67014;345;611;382;1338;956;266
67015;656;324;511;1491;980;-332
67016;464;66;252;782;530;-398
67017;1302;494;988;2784;1796;-808
67018;538;285;441;1264;823;-253
67019;907;1979;770;3656;2886;1072
67020;629;884;458;1971;1513;255
67021;1066;1926;1182;4174;2992;860
67022;165;25;82;272;190;-140
67023;201;71;231;503;272;-130
67024;77;19;30;126;96;-58
67025;3805;4282;7015;15102;8087;477
67026;988;307;1167;2462;1295;-681
67027;236;142;205;583;378;-94
67028;1576;754;2222;4552;2330;-822
67029;1060;623;704;2387;1683;-437
67030;2152;3103;2480;7735;5255;951
67031;1077;1672;1338;4087;2749;595
67032;1815;845;1502;4162;2660;-970
67033;529;302;293;1124;831;-227
67034;53;25;37;115;78;-28
67035;3102;1553;3840;8495;4655;-1549
67036;100;36;77;213;136;-64
67037;3996;3238;7808;15042;7234;-758
67038;2065;1631;2742;6438;3696;-434
67039;1281;1349;1089;3719;2630;68
67040;3352;1552;3694;8598;4904;-1800
67041;4514;12325;22921;39760;16839;7811
67042;461;116;257;834;577;-345
67043;891;217;418;1526;1108;-674
67044;2523;1980;2127;6630;4503;-543
67045;436;122;186;744;558;-314
67046;173;118;144;435;291;-55
67047;3469;1881;3627;8977;5350;-1588
68001;136;21;48;205;157;-115
68002;835;922;789;2546;1757;87
68003;268;314;195;777;582;46
68004;82;14;18;114;96;-68
68005;405;156;527;1088;561;-249
68006;1250;612;669;2531;1862;-638
68007;326;153;587;1066;479;-173
68008;178;39;95;312;217;-139
68009;254;164;75;493;418;-90
68010;320;125;283;728;445;-195
68011;3044;2041;2305;7390;5085;-1003
68012;3463;3908;3906;11277;7371;445
68013;281;103;255;639;384;-178
68014;354;145;326;825;499;-209
68015;1664;748;1194;3606;2412;-916
68016;66;6;18;90;72;-60
68017;407;158;281;846;565;-249
68018;384;323;355;1062;707;-61
68019;357;47;263;667;404;-310
68020;791;83;519;1393;874;-708
68021;1814;607;1847;4268;2421;-1207
68022;1908;1005;1532;4445;2913;-903
68023;252;160;135;547;412;-92
68024;13811;5117;10742;29670;18928;-8694
68025;1083;506;491;2080;1589;-577
68026;526;197;372;1095;723;-329
68027;1808;1814;4370;7992;3622;6
68028;12256;34789;40292;87337;47045;22533
68029;147;12;55;214;159;-135
68030;2329;631;1777;4737;2960;-1698
68031;411;105;166;682;516;-306
68032;153;9;35;197;162;-144
68033;726;812;1686;3224;1538;86
68034;242;21;135;398;263;-221
68035;1213;513;691;2417;1726;-700
68036;101;6;15;122;107;-95
68037;46;21;39;106;67;-25
68038;458;201;379;1038;659;-257
68039;956;581;789;2326;1537;-375
68040;145;21;41;207;166;-124
68041;6543;2420;3241;12204;8963;-4123
68042;533;481;676;1690;1014;-52
68043;764;507;695;1966;1271;-257
68044;305;196;97;598;501;-109
68045;123;27;21;171;150;-96
68046;151;63;103;317;214;-88
69001;813;205;539;1557;1018;-608
69002;663;144;380;1187;807;-519
69003;283;71;204;558;354;-212
69004;330;368;193;891;698;38
69005;997;11928;4284;17209;12925;10931
69006;205;33;136;374;238;-172
69007;66;23;65;154;89;-43
69008;1655;206;876;2737;1861;-1449
69009;14;2;9;25;16;-12
69010;291;165;304;760;456;-126
69011;176;23;64;263;199;-153
69012;121;49;93;263;170;-72
69013;319;160;270;749;479;-159
69014;210;25;80;315;235;-185
69015;1371;445;1412;3228;1816;-926
69016;1206;122;332;1660;1328;-1084
69017;894;1327;1627;3848;2221;433
69018;1351;254;700;2305;1605;-1097
69019;94;7;33;134;101;-87
69020;292;125;399;816;417;-167
69021;201;80;171;452;281;-121
69022;5088;20653;18971;44712;25741;15565
69023;90;23;41;154;113;-67
69024;234;24;87;345;258;-210
69025;40;4;10;54;44;-36
69026;114;9;44;167;123;-105
69027;692;172;575;1439;864;-520
69028;1347;333;1020;2700;1680;-1014
69029;110;42;39;191;152;-68
69030;471;438;378;1287;909;-33
69031;174;703;479;1356;877;529
69032;314;149;129;592;463;-165
69033;1740;566;1273;3579;2306;-1174
69034;93;3;30;126;96;-90
69035;6175;2457;5339;13971;8632;-3718
69036;197;235;204;636;432;38
69037;510;102;378;990;612;-408
69038;238;44;126;408;282;-194
69039;85;7;34;126;92;-78
69040;342;25;215;582;367;-317
69041;391;1347;872;2610;1738;956
69042;284;71;229;584;355;-213
69043;1579;1068;2668;5315;2647;-511
69044;92;15;46;153;107;-77
69045;326;90;207;623;416;-236
69046;4962;7388;12182;24532;12350;2426
69047;202;52;90;344;254;-150
69048;111;14;20;145;125;-97
69049;153;23;85;261;176;-130
69050;1277;746;1106;3129;2023;-531
69051;195;33;180;408;228;-162
69052;21;4;9;34;25;-17
69053;13;4;5;22;17;-9
69054;155;26;135;316;181;-129
69055;701;142;472;1315;843;-559
69056;870;543;294;1707;1413;-327
69057;792;378;961;2131;1170;-414
69058;2952;3214;7665;13831;6166;262
69059;1214;499;983;2696;1713;-715
69060;268;68;285;621;336;-200
69061;157;110;156;423;267;-47
69062;248;98;190;536;346;-150
69063;83;2;27;112;85;-81
69064;148;32;54;234;180;-116
69065;496;191;269;956;687;-305
69066;235;34;134;403;269;-201
69067;268;257;176;701;525;-11
69068;592;121;378;1091;713;-471
69069;268;257;139;664;525;-11
69070;177;94;150;421;271;-83
69071;327;113;222;662;440;-214
69072;1249;298;726;2273;1547;-951
69073;425;88;318;831;513;-337
69074;702;389;387;1478;1091;-313
69075;323;49;211;583;372;-274
69076;255;36;307;598;291;-219
69077;11;16;10;37;27;5
69078;26;27;22;75;53;1
69079;246;42;131;419;288;-204
69080;29;25;25;79;54;-4
69081;3649;6269;3109;13027;9918;2620
69082;299;228;134;661;527;-71
69083;2324;5512;6839;14675;7836;3188
69084;763;420;249;1432;1183;-343
69085;606;153;426;1185;759;-453
69086;1308;444;998;2750;1752;-864
69087;673;239;662;1574;912;-434
69088;46;57;71;174;103;11
69089;99;21;35;155;120;-78
69090;837;290;903;2030;1127;-547
69091;681;298;642;1621;979;-383
69092;489;49;346;884;538;-440
69093;194;6;95;295;200;-188
69094;1271;367;733;2371;1638;-904
69095;244;89;250;583;333;-155
69096;613;340;208;1161;953;-273
69097;133;8;18;159;141;-125
69098;375;93;368;836;468;-282
69099;4876;4837;13257;22970;9713;-39
69100;281;45;134;460;326;-236
69101;523;315;516;1354;838;-208
69102;189;505;316;1010;694;316
69103;48;2;7;57;50;-46
69104;27;48;12;87;75;21
70001;137;28;109;274;165;-109
70002;753;144;567;1464;897;-609
70003;1081;1333;2673;5087;2414;252
70004;223;90;320;633;313;-133
70005;358;67;189;614;425;-291
70006;2484;14604;20309;37397;17088;12120
70007;166;386;109;661;552;220
70008;906;136;368;1410;1042;-770
70009;174;41;141;356;215;-133
70010;1443;505;1571;3519;1948;-938
70011;258;350;618;1226;608;92
70012;136;13;44;193;149;-123
70013;59;8;27;94;67;-51
70014;88;16;99;203;104;-72
70015;174;87;250;511;261;-87
70016;242;100;175;517;342;-142
70017;692;137;902;1731;829;-555
70018;190;43;108;341;233;-147
70019;82;19;37;138;101;-63
70020;217;32;123;372;249;-185
70021;293;59;462;814;352;-234
70022;73;24;39;136;97;-49
70023;1345;161;303;1809;1506;-1184
70024;276;50;299;625;326;-226
70025;243;76;273;592;319;-167
70026;206;30;117;353;236;-176
70027;180;42;236;458;222;-138
70028;142;197;145;484;339;55
70029;1096;418;1337;2851;1514;-678
70030;350;67;382;799;417;-283
70031;829;1323;2360;4512;2152;494
70032;208;62;181;451;270;-146
70033;113;50;138;301;163;-63
70034;96;21;70;187;117;-75
70035;118;23;72;213;141;-95
70036;222;73;215;510;295;-149
70037;315;58;155;528;373;-257
70038;739;69;292;1100;808;-670
70039;53;26;10;89;79;-27
70040;96;20;60;176;116;-76
70041;308;54;162;524;362;-254
70042;250;31;246;527;281;-219
70043;277;79;351;707;356;-198
70044;92;17;54;163;109;-75
70045;112;11;45;168;123;-101
70046;1044;593;2071;3708;1637;-451
70047;92;25;75;192;117;-67
70048;94;28;136;258;122;-66
70049;644;63;137;844;707;-581
70050;333;117;252;702;450;-216
70051;824;198;844;1866;1022;-626
70052;240;61;205;506;301;-179
70053;269;67;293;629;336;-202
70054;45;9;27;81;54;-36
70055;583;103;473;1159;686;-480
70056;31;16;17;64;47;-15
70057;762;244;1410;2416;1006;-518
70058;81;54;85;220;135;-27
70059;1005;580;529;2114;1585;-425
70060;130;42;156;328;172;-88
70061;230;112;252;594;342;-118
70062;150;19;95;264;169;-131
70063;23;8;15;46;31;-15
70064;98;26;129;253;124;-72
70065;543;72;118;733;615;-471
70066;156;54;68;278;210;-102
70067;258;57;179;494;315;-201
70068;160;175;248;583;335;15
70069;971;183;1152;2306;1154;-788
70070;212;40;105;357;252;-172
70071;134;136;43;313;270;2
70072;621;227;1233;2081;848;-394
70073;116;13;26;155;129;-103
70074;250;86;433;769;336;-164
70075;329;79;410;818;408;-250
70076;315;65;279;659;380;-250
70077;121;13;98;232;134;-108
70078;2019;8449;13090;23558;10468;6430
70079;147;115;160;422;262;-32
70080;376;102;180;658;478;-274
70081;497;292;1294;2083;789;-205
70082;153;21;154;328;174;-132
70083;548;94;569;1211;642;-454
70084;778;670;657;2105;1448;-108
71001;306;124;549;979;430;-182
71002;135;51;194;380;186;-84
71003;218;72;257;547;290;-146
71004;1141;849;4285;6275;1990;-292
71005;903;538;1798;3239;1441;-365
71006;434;139;586;1159;573;-295
71007;431;216;919;1566;647;-215
71008;617;202;2270;3089;819;-415
71009;408;358;833;1599;766;-50
71010;1628;274;1495;3397;1902;-1354
71011;124;40;189;353;164;-84
71012;298;157;1393;1848;455;-141
71013;204;130;363;697;334;-74
71014;258;73;384;715;331;-185
71015;422;151;498;1071;573;-271
71016;234;38;272;544;272;-196
71017;205;137;357;699;342;-68
71018;154;62;305;521;216;-92
71019;26;11;10;47;37;-15
71020;2228;2798;20022;25048;5026;570
71021;271;148;402;821;419;-123
71022;632;132;925;1689;764;-500
71023;79;49;140;268;128;-30
71024;4423;19542;60861;84826;23965;15119
71025;396;353;1205;1954;749;-43
71026;7;4;110;121;11;-3
71027;806;318;1502;2626;1124;-488
71028;2727;2114;12387;17228;4841;-613
71029;3877;2216;19299;25392;6093;-1661
71031;820;123;1597;2540;943;-697
71032;149;44;220;413;193;-105
71033;1325;784;3997;6106;2109;-541
71034;141;34;123;298;175;-107
71035;559;95;634;1288;654;-464
71036;2467;917;5257;8641;3384;-1550
71037;85;38;227;350;123;-47
71038;141;142;1390;1673;283;1
71039;423;129;666;1218;552;-294
71040;379;295;586;1260;674;-84
71041;371;110;585;1066;481;-261
71042;373;49;388;810;422;-324
71043;217;572;1166;1955;789;355
71044;131;43;251;425;174;-88
71046;1628;2463;11860;15951;4091;835
71047;2026;507;3939;6472;2533;-1519
71048;152;33;192;377;185;-119
71049;957;312;4283;5552;1269;-645
71050;763;246;1489;2498;1009;-517
71051;3232;2814;19143;25189;6046;-418
71052;247;109;516;872;356;-138
71053;500;175;1092;1767;675;-325
71054;738;306;1838;2882;1044;-432
71055;982;295;1457;2734;1277;-687
71056;1563;928;5784;8275;2491;-635
71058;1340;396;1930;3666;1736;-944
71059;424;526;2418;3368;950;102
71060;162;438;4872;5472;600;276
71061;54;51;61;166;105;-3
71062;228;87;389;704;315;-141
71063;541;189;804;1534;730;-352
71064;467;184;1050;1701;651;-283
72001;3051;4440;6744;14235;7491;1389
72002;4574;877;3391;8842;5451;-3697
72003;1584;1019;3349;5952;2603;-565
72004;5751;3701;29085;38537;9452;-2050
72006;16550;82741;124299;223590;99291;66191
72008;770;208;280;1258;978;-562
72010;3032;1524;2729;7285;4556;-1508
72011;7573;3366;17844;28783;10939;-4207
72012;3414;1128;2171;6713;4542;-2286
72014;4512;1860;2559;8931;6372;-2652
72015;4551;3350;4529;12430;7901;-1201
72016;2858;1408;3825;8091;4266;-1450
72017;3191;3583;6426;13200;6774;392
72018;2000;264;874;3138;2264;-1736
72019;3573;3843;8423;15839;7416;270
72020;4844;2592;17092;24528;7436;-2252
72021;3297;3242;8980;15519;6539;-55
72022;4557;1140;4187;9884;5697;-3417
72023;4637;1050;15233;20920;5687;-3587
72024;2571;937;2749;6257;3508;-1634
72025;2053;1435;3883;7371;3488;-618
72027;7438;15677;10120;33235;23115;8239
72028;4099;1122;6335;11556;5221;-2977
72029;5764;9028;18808;33600;14792;3264
72030;4509;3939;17797;26245;8448;-570
72031;2296;1527;6361;10184;3823;-769
72032;6003;1987;7238;15228;7990;-4016
72033;5039;993;4822;10854;6032;-4046
72034;275;79;293;647;354;-196
72035;3185;1715;5342;10242;4900;-1470
72036;3438;3218;9265;15921;6656;-220
72037;2832;3644;6394;12870;6476;812
72038;3593;2114;7875;13582;5707;-1479
72039;1479;304;1294;3077;1783;-1175
72040;2366;422;2096;4884;2788;-1944
72041;3440;1416;9038;13894;4856;-2024
72043;4472;1401;7677;13550;5873;-3071
72044;1748;253;1730;3731;2001;-1495
72046;6574;3229;6067;15870;9803;-3345
72047;2543;1546;3157;7246;4089;-997
72048;5419;1894;3160;10473;7313;-3525
73001;938;253;1722;2913;1191;-685
73002;1831;281;1187;3299;2112;-1550
73003;1993;3165;5285;10443;5158;1172
73004;2647;1166;3142;6955;3813;-1481
73005;768;365;582;1715;1133;-403
73006;1064;368;1071;2503;1432;-696
73007;2811;1601;7341;11753;4412;-1210
73008;4090;3758;9785;17633;7848;-332
73009;2441;1493;4580;8514;3934;-948
73010;2323;655;1095;4073;2978;-1668
73011;1866;330;2179;4375;2196;-1536
73012;2877;2574;8932;14383;5451;-303
73013;4323;4009;16805;25137;8332;-314
73014;796;412;1091;2299;1208;-384
73015;4161;2027;9974;16162;6188;-2134
73016;1430;204;969;2603;1634;-1226
73017;950;311;617;1878;1261;-639
73018;567;104;347;1018;671;-463
73019;2238;1043;4737;8018;3281;-1195
73020;1727;370;1796;3893;2097;-1357
73021;2929;1014;4282;8225;3943;-1915
73022;2077;555;2357;4989;2632;-1522
73023;479;58;256;793;537;-421
73024;3777;1342;3119;8238;5119;-2435
73025;1927;338;2230;4495;2265;-1589
73026;2024;1339;3943;7306;3363;-685
73027;5326;36635;76076;118037;41961;31309
73028;649;299;891;1839;948;-350
73029;3045;735;2693;6473;3780;-2310
74001;2676;18154;34265;55095;20830;15478
74002;2271;564;4170;7005;2835;-1707
74003;1946;1278;5659;8883;3224;-668
74004;1276;396;1496;3168;1672;-880
74005;1828;1328;3141;6297;3156;-500
74006;1676;266;1993;3935;1942;-1410
74007;3598;2150;15115;20863;5748;-1448
74008;3935;3213;12498;19646;7148;-722
74009;2627;550;3366;6543;3177;-2077
74010;3431;2271;7734;13436;5702;-1160
74011;2280;759;3874;6913;3039;-1521
74012;2855;2971;9832;15658;5826;116
74013;1234;305;1503;3042;1539;-929
74014;870;237;1489;2596;1107;-633
74015;1749;329;2374;4452;2078;-1420
74016;2127;1364;3473;6964;3491;-763
74017;2860;684;4820;8364;3544;-2176
74018;1106;205;1141;2452;1311;-901
74019;1817;373;2427;4617;2190;-1444
74020;1965;291;1967;4223;2256;-1674
75001;705;363;1009;2077;1068;-342
75002;1006;1307;1561;3874;2313;301
75003;1151;439;1037;2627;1590;-712
75004;1153;500;1329;2982;1653;-653
75005;1111;205;775;2091;1316;-906
75006;1539;453;2243;4235;1992;-1086
75007;1102;429;671;2202;1531;-673
75008;464;76;330;870;540;-388
75009;509;164;462;1135;673;-345
75010;1565;485;1427;3477;2050;-1080
75011;1865;1165;2446;5476;3030;-700
75012;336;157;330;823;493;-179
75013;623;186;416;1225;809;-437
75014;2178;675;2762;5615;2853;-1503
75015;773;220;671;1664;993;-553
75016;1724;7401;6870;15995;9125;5677
75017;661;184;606;1451;845;-477
75018;832;230;690;1752;1062;-602
75019;909;357;964;2230;1266;-552
75020;3575;1625;2056;7256;5200;-1950
75021;1107;358;1149;2614;1465;-749
75022;3025;1928;6917;11870;4953;-1097
75023;1079;495;1296;2870;1574;-584
75024;1127;260;1210;2597;1387;-867
75025;897;262;770;1929;1159;-635
75026;1729;553;1742;4024;2282;-1176
75027;586;219;419;1224;805;-367
75028;802;589;1151;2542;1391;-213
75029;3026;5063;8384;16473;8089;2037
75030;2223;1081;4147;7451;3304;-1142
75031;1655;2938;6093;10686;4593;1283
75032;278;116;201;595;394;-162
75033;406;82;367;855;488;-324
75034;1010;300;1063;2373;1310;-710
75035;5628;43519;33241;82388;49147;37891
75036;2204;823;1695;4722;3027;-1381
75037;2320;703;4023;7046;3023;-1617
75038;3321;513;1915;5749;3834;-2808
75039;1787;7785;4501;14073;9572;5998
75040;1234;1353;2534;5121;2587;119
75041;365;157;300;822;522;-208
75042;1910;950;2764;5624;2860;-960
75043;1618;456;2243;4317;2074;-1162
75044;1121;685;1511;3317;1806;-436
75045;472;562;425;1459;1034;90
75046;715;304;616;1635;1019;-411
75047;669;245;672;1586;914;-424
75048;2898;1934;2861;7693;4832;-964
75049;576;141;492;1209;717;-435
75050;484;169;619;1272;653;-315
75051;1065;509;999;2573;1574;-556
75052;2716;2887;10153;15756;5603;171
75053;1012;167;1003;2182;1179;-845
75054;522;158;421;1101;680;-364
75055;1541;468;1419;3428;2009;-1073
75056;546;99;313;958;645;-447
75057;587;1607;1673;3867;2194;1020
75058;348;65;259;672;413;-283
75059;1637;1006;2064;4707;2643;-631
75060;316;136;293;745;452;-180
75061;1035;1132;1433;3600;2167;97
75062;771;504;1105;2380;1275;-267
75063;1787;1045;2590;5422;2832;-742
75064;1311;744;2524;4579;2055;-567
75065;1674;397;1643;3714;2071;-1277
75066;609;313;922;1844;922;-296
75067;470;108;152;730;578;-362
75068;2278;1052;1344;4674;3330;-1226
75069;1329;298;1015;2642;1627;-1031
75070;1080;365;1021;2466;1445;-715
75071;889;432;530;1851;1321;-457
75072;519;968;687;2174;1487;449
75073;1436;643;1433;3512;2079;-793
75074;396;289;336;1021;685;-107
75075;981;194;628;1803;1175;-787
75076;1295;629;985;2909;1924;-666
75077;845;414;1175;2434;1259;-431
75078;776;197;669;1642;973;-579
75079;2445;682;2863;5990;3127;-1763
75080;528;275;348;1151;803;-253
75081;796;252;975;2023;1048;-544
75082;373;504;323;1200;877;131
75083;3875;1852;3363;9090;5727;-2023
75084;1967;554;3395;5916;2521;-1413
75085;1889;954;3156;5999;2843;-935
75086;638;235;593;1466;873;-403
75087;2813;650;2983;6446;3463;-2163
75088;1794;3957;5823;11574;5751;2163
75089;907;394;1080;2381;1301;-513
75090;1247;1522;3049;5818;2769;275
75091;814;161;849;1824;975;-653
75092;2322;646;3609;6577;2968;-1676
75093;1606;410;1309;3325;2016;-1196
75094;458;158;335;951;616;-300
75095;394;361;378;1133;755;-33
75096;428;144;516;1088;572;-284
75097;819;490;1481;2790;1309;-329
76001;318;52;309;679;370;-266
76002;268;246;750;1264;514;-22
76003;348;50;298;696;398;-298
76004;313;56;382;751;369;-257
76005;63;39;145;247;102;-24
76006;783;487;979;2249;1270;-296
76007;2883;705;2588;6176;3588;-2178
76008;265;474;450;1189;739;209
76009;263;147;324;734;410;-116
76010;511;417;588;1516;928;-94
76011;730;225;536;1491;955;-505
76012;967;147;1094;2208;1114;-820
76013;729;221;1074;2024;950;-508
76014;213;53;216;482;266;-160
76015;258;59;535;852;317;-199
76016;56;28;47;131;84;-28
76017;184;28;186;398;212;-156
76018;268;31;315;614;299;-237
76019;53;12;107;172;65;-41
76020;55;31;29;115;86;-24
76021;122;26;188;336;148;-96
76022;276;135;489;900;411;-141
76023;138;40;164;342;178;-98
76024;141;25;212;378;166;-116
76025;196;20;329;545;216;-176
76026;132;14;212;358;146;-118
76027;98;22;132;252;120;-76
76028;281;324;449;1054;605;43
76029;214;137;682;1033;351;-77
76030;219;57;311;587;276;-162
76031;113;25;89;227;138;-88
76032;738;131;634;1503;869;-607
76033;275;95;581;951;370;-180
76034;540;190;1144;1874;730;-350
76035;115;38;177;330;153;-77
76036;602;567;1786;2955;1169;-35
76037;320;379;390;1089;699;59
76038;56;76;150;282;132;20
76039;459;2082;2076;4617;2541;1623
76040;562;240;1161;1963;802;-322
76041;236;89;422;747;325;-147
76042;1114;1253;4214;6581;2367;139
76043;1848;496;4371;6715;2344;-1352
76044;343;575;1505;2423;918;232
76045;679;519;939;2137;1198;-160
76046;871;1387;1673;3931;2258;516
76047;291;52;365;708;343;-239
76048;793;10747;7895;19435;11540;9954
76049;88;62;101;251;150;-26
76050;439;729;1072;2240;1168;290
76051;236;76;333;645;312;-160
76052;203;36;285;524;239;-167
76053;703;212;1378;2293;915;-491
76054;330;93;253;676;423;-237
76055;95;64;200;359;159;-31
76056;619;78;1026;1723;697;-541
76057;643;419;1482;2544;1062;-224
76058;293;266;547;1106;559;-27
76059;1224;249;1268;2741;1473;-975
76060;996;364;799;2159;1360;-632
76061;192;23;245;460;215;-169
76062;2441;289;1043;3773;2730;-2152
76063;3547;17719;28456;49722;21266;14172
76064;1028;108;901;2037;1136;-920
76065;157;75;238;470;232;-82
76066;2099;1452;4251;7802;3551;-647
76067;415;67;287;769;482;-348
76068;541;103;529;1173;644;-438
76069;205;100;359;664;305;-105
76070;299;279;927;1505;578;-20
76071;794;101;628;1523;895;-693
76072;191;32;215;438;223;-159
76073;281;24;224;529;305;-257
76074;100;46;248;394;146;-54
76075;78;21;122;221;99;-57
76076;503;98;611;1212;601;-405
76077;95;17;173;285;112;-78
76078;194;67;370;631;261;-127
76079;245;273;321;839;518;28
76080;523;795;2127;3445;1318;272
76081;283;83;271;637;366;-200
76082;155;34;150;339;189;-121
76083;548;104;499;1151;652;-444
76084;246;72;181;499;318;-174
76085;459;914;2288;3661;1373;455
76086;196;55;351;602;251;-141
76087;120;14;114;248;134;-106
76088;133;18;294;445;151;-115
76089;1660;2814;1886;6360;4474;1154
76090;655;97;689;1441;752;-558
76091;624;315;707;1646;939;-309
76092;313;159;549;1021;472;-154
76093;158;32;118;308;190;-126
76094;564;141;309;1014;705;-423
76095;1117;787;4279;6183;1904;-330
76096;553;96;604;1253;649;-457
76097;356;141;689;1186;497;-215
76098;431;1086;988;2505;1517;655
76099;192;38;140;370;230;-154
76100;682;98;650;1430;780;-584
77001;210;73;505;788;283;-137
77002;118;94;250;462;212;-24
77003;1248;970;3846;6064;2218;-278
77004;125;30;119;274;155;-95
77005;75;10;53;138;85;-65
77006;164;76;266;506;240;-88
77007;97;37;191;325;134;-60
77008;885;847;2610;4342;1732;-38
77009;147;172;312;631;319;25
77010;89;54;263;406;143;-35
77011;852;138;1330;2320;990;-714
77012;400;106;551;1057;506;-294
77013;596;204;1297;2097;800;-392
77014;2475;8616;26671;37762;11091;6141
77015;476;109;566;1151;585;-367
77016;884;395;1830;3109;1279;-489
77017;1675;235;2552;4462;1910;-1440
77018;1128;595;1794;3517;1723;-533
77019;56;12;73;141;68;-44
77020;1327;1686;5310;8323;3013;359
77021;1412;3065;5922;10399;4477;1653
77022;703;129;993;1825;832;-574
77023;300;677;736;1713;977;377
77024;442;102;699;1243;544;-340
77025;129;63;257;449;192;-66
77026;163;59;316;538;222;-104
77027;205;342;1355;1902;547;137
77028;492;362;1804;2658;854;-130
77029;550;739;1545;2834;1289;189
77030;252;39;347;638;291;-213
77031;1072;838;2201;4111;1910;-234
78001;164;17;188;369;181;-147
78002;344;250;361;955;594;-94
78003;1646;887;7078;9611;2533;-759
78004;343;75;328;746;418;-268
78005;104;23;150;277;127;-81
78006;252;38;207;497;290;-214
78007;19;13;58;90;32;-6
78008;189;59;113;361;248;-130
78009;534;462;1148;2144;996;-72
78010;1253;1792;4660;7705;3045;539
78011;419;131;664;1214;550;-288
78012;649;172;524;1345;821;-477
78013;321;126;349;796;447;-195
78014;277;97;125;499;374;-180
78015;734;1067;2713;4514;1801;333
78016;218;40;236;494;258;-178
78017;1564;724;2920;5208;2288;-840
78018;85;117;369;571;202;32
78019;392;143;500;1035;535;-249
78020;438;41;343;822;479;-397
78021;208;150;300;658;358;-58
78022;186;109;364;659;295;-77
78023;211;94;547;852;305;-117
78024;121;19;150;290;140;-102
78025;509;878;2963;4350;1387;369
78026;1041;141;425;1607;1182;-900
78027;42;10;22;74;52;-32
78028;781;175;333;1289;956;-606
78029;1339;1946;5772;9057;3285;607
78030;774;351;399;1524;1125;-423
78031;3331;1190;1492;6013;4521;-2141
78032;22;16;42;80;38;-6
78033;1087;4420;8031;13538;5507;3333
78034;672;609;756;2037;1281;-63
78035;151;27;42;220;178;-124
78036;374;141;475;990;515;-233
78037;1023;90;500;1613;1113;-933
78038;329;30;67;426;359;-299
78039;283;64;223;570;347;-219
78040;973;563;2500;4036;1536;-410
78041;167;38;146;351;205;-129
78042;240;65;237;542;305;-175
78043;201;69;240;510;270;-132
78044;1727;2871;16065;20663;4598;1144
78045;8151;26903;20719;55773;35054;18752
78046;166;137;268;571;303;-29
78047;1817;339;2462;4618;2156;-1478
78048;604;957;1205;2766;1561;353
78049;1356;304;648;2308;1660;-1052
78050;195;31;163;389;226;-164
78051;484;117;876;1477;601;-367
78052;232;59;228;519;291;-173
78053;308;446;210;964;754;138
78054;420;98;386;904;518;-322
78055;470;128;566;1164;598;-342
78056;528;184;604;1316;712;-344
78057;417;186;373;976;603;-231
78058;1400;578;1718;3696;1978;-822
78059;376;100;341;817;476;-276
78060;298;203;607;1108;501;-95
78061;302;213;392;907;515;-89
78062;434;57;469;960;491;-377
78063;260;170;429;859;430;-90
78064;174;45;189;408;219;-129
78065;353;28;87;468;381;-325
78066;1057;193;695;1945;1250;-864
78067;411;152;417;980;563;-259
78068;457;162;1018;1637;619;-295
78069;294;209;526;1029;503;-85
78070;1903;462;2214;4579;2365;-1441
78071;231;47;162;440;278;-184
78072;206;61;128;395;267;-145
78073;340;134;409;883;474;-206
78074;359;152;648;1159;511;-207
78075;498;1001;378;1877;1499;503
78076;1270;127;516;1913;1397;-1143
78077;1230;124;372;1726;1354;-1106
78078;299;116;135;550;415;-183
78079;3212;420;1296;4928;3632;-2792
78080;393;561;335;1289;954;168
78081;4451;2675;4497;11623;7126;-1776
78082;273;84;320;677;357;-189
78083;720;398;878;1996;1118;-322
78084;289;239;925;1453;528;-50
78085;271;59;205;535;330;-212
78086;50;15;88;153;65;-35
78087;238;103;531;872;341;-135
78088;217;80;263;560;297;-137
78089;189;62;255;506;251;-127
78090;82;41;56;179;123;-41
78091;1519;2903;5216;9638;4422;1384
78092;101;21;130;252;122;-80
78093;459;95;524;1078;554;-364
78094;430;144;174;748;574;-286
78095;548;147;314;1009;695;-401
78096;146;35;127;308;181;-111
78097;443;83;191;717;526;-360
78098;367;40;207;614;407;-327
78099;206;183;287;676;389;-23
78100;92;29;192;313;121;-63
78101;572;1059;1756;3387;1631;487
78102;5676;21518;10240;37434;27194;15842
78103;508;222;866;1596;730;-286
78104;1164;416;1732;3312;1580;-748
78105;1120;689;1420;3229;1809;-431
78106;1176;238;713;2127;1414;-938
78107;323;119;351;793;442;-204
78108;1919;2840;14769;19528;4759;921
78109;269;28;189;486;297;-241
78110;1018;172;472;1662;1190;-846
78111;163;44;148;355;207;-119
78112;309;59;220;588;368;-250
78113;150;63;95;308;213;-87
78114;405;280;972;1657;685;-125
78115;216;53;237;506;269;-163
78116;713;168;472;1353;881;-545
78117;233;136;211;580;369;-97
78118;332;123;271;726;455;-209
78119;1186;751;6354;8291;1937;-435
78120;84;33;163;280;117;-51
78121;762;309;680;1751;1071;-453
78122;1029;212;1294;2535;1241;-817
78123;807;1779;2434;5020;2586;972
78124;233;40;179;452;273;-193
78125;243;146;418;807;389;-97
78126;126;23;44;193;149;-103
78127;1047;216;504;1767;1263;-831
78128;248;168;393;809;416;-80
78129;251;74;142;467;325;-177
78130;151;88;259;498;239;-63
78131;143;34;461;638;177;-109
78132;780;255;1029;2064;1035;-525
78133;420;163;621;1204;583;-257
78134;626;217;206;1049;843;-409
78135;590;73;328;991;663;-517
78136;500;163;985;1648;663;-337
78137;143;108;257;508;251;-35
78138;816;1398;3037;5251;2214;582
78139;143;146;215;504;289;3
78140;144;30;67;241;174;-114
78141;370;54;106;530;424;-316
78142;1103;731;1824;3658;1834;-372
78143;1031;668;1006;2705;1699;-363
78144;617;212;331;1160;829;-405
78145;416;294;441;1151;710;-122
78146;737;162;1184;2083;899;-575
78147;111;47;103;261;158;-64
78148;995;415;1025;2435;1410;-580
78149;909;292;1274;2475;1201;-617
78150;741;1887;2622;5250;2628;1146
78151;977;150;356;1483;1127;-827
78152;223;76;192;491;299;-147
78153;311;97;637;1045;408;-214
78154;841;397;1187;2425;1238;-444
78155;856;639;472;1967;1495;-217
79002;230;44;170;444;274;-186
79003;287;51;356;694;338;-236
79004;222;83;116;421;305;-139
79005;134;28;135;297;162;-106
79007;133;48;42;223;181;-85
79008;546;202;702;1450;748;-344
79009;194;183;438;815;377;-11
79011;1692;493;1525;3710;2185;-1199
79012;794;506;1382;2682;1300;-288
79017;450;729;337;1516;1179;279
79018;368;81;416;865;449;-287
79020;302;68;278;648;370;-234
79023;3359;19558;36010;58927;22917;16199
79024;157;39;79;275;196;-118
79025;79;19;24;122;98;-60
79027;208;68;271;547;276;-140
79029;668;774;1780;3222;1442;106
79030;207;45;213;465;252;-162
79033;275;87;290;652;362;-188
79034;414;86;445;945;500;-328
79036;821;288;1044;2153;1109;-533
79039;1420;468;1864;3752;1888;-952
79042;1257;368;1160;2785;1625;-889
79043;524;369;738;1631;893;-155
79047;692;394;926;2012;1086;-298
79048;519;335;353;1207;854;-184
79052;164;28;93;285;192;-136
79055;133;33;66;232;166;-100
79056;362;103;303;768;465;-259
79058;799;127;524;1450;926;-672
79059;856;480;1439;2775;1336;-376
79060;842;281;885;2008;1123;-561
79061;563;142;1234;1939;705;-421
79063;293;151;280;724;444;-142
79065;132;28;69;229;160;-104
79068;233;67;297;597;300;-166
79069;700;1110;1307;3117;1810;410
79071;62;28;92;182;90;-34
79072;472;601;567;1640;1073;129
79073;166;67;162;395;233;-99
79074;218;86;197;501;304;-132
79077;201;56;149;406;257;-145
79080;402;80;178;660;482;-322
79081;1104;519;873;2496;1623;-585
79083;156;34;186;376;190;-122
79087;874;295;1193;2362;1169;-579
79088;116;59;70;245;175;-57
79089;124;60;234;418;184;-64
79092;636;36;314;986;672;-600
79094;214;88;174;476;302;-126
79095;379;93;682;1154;472;-286
79096;604;315;613;1532;919;-289
79099;560;62;355;977;622;-498
79108;214;71;94;379;285;-143
79110;314;77;336;727;391;-237
79114;855;141;956;1952;996;-714
79115;373;64;389;826;437;-309
79116;334;135;196;665;469;-199
79117;329;103;483;915;432;-226
79118;340;139;352;831;479;-201
79122;301;181;358;840;482;-120
79123;927;425;458;1810;1352;-502
79126;123;42;60;225;165;-81
79127;1265;500;1717;3482;1765;-765
79129;709;157;614;1480;866;-552
79130;667;314;1313;2294;981;-353
79131;865;734;592;2191;1599;-131
79133;1109;407;839;2355;1516;-702
79134;192;65;160;417;257;-127
79137;1084;4722;2400;8206;5806;3638
79138;441;597;866;1904;1038;156
79139;325;50;323;698;375;-275
79142;784;404;702;1890;1188;-380
79143;553;113;427;1093;666;-440
79146;445;237;648;1330;682;-208
79147;768;560;845;2173;1328;-208
79148;190;72;206;468;262;-118
79151;305;72;328;705;377;-233
79157;282;57;349;688;339;-225
79160;4376;7625;27400;39401;12001;3249
80001;511;241;977;1729;752;-270
80002;73;33;115;221;106;-40
80003;403;178;398;979;581;-225
80004;266;113;335;714;379;-153
80005;839;337;1077;2253;1176;-502
80006;203;119;238;560;322;-84
80007;1172;292;2528;3992;1464;-880
80008;507;231;495;1233;738;-276
80009;703;503;1013;2219;1206;-200
80010;226;96;269;591;322;-130
80011;79;98;98;275;177;19
80012;1230;1505;2815;5550;2735;275
80013;593;520;1016;2129;1113;-73
80014;487;276;878;1641;763;-211
80015;212;124;177;513;336;-88
80016;213;21;72;306;234;-192
80017;159;77;77;313;236;-82
80018;1231;455;801;2487;1686;-776
80019;100;211;41;352;311;111
80020;117;74;195;386;191;-43
80021;109;166;121;396;275;57
80022;351;93;331;775;444;-258
80023;333;449;860;1642;782;116
80024;221;191;133;545;412;-30
80025;782;441;1721;2944;1223;-341
80026;58;104;176;338;162;46
80027;1316;585;1359;3260;1901;-731
80028;1126;1613;3084;5823;2739;487
80029;769;427;1259;2455;1196;-342
80030;187;192;214;593;379;5
80031;624;134;987;1745;758;-490
80032;326;77;407;810;403;-249
80033;141;47;135;323;188;-94
80034;238;21;126;385;259;-217
80035;234;182;338;754;416;-52
80036;560;128;574;1262;688;-432
80037;250;55;397;702;305;-195
80038;1783;3343;5837;10963;5126;1560
80039;945;456;1846;3247;1401;-489
80040;467;200;716;1383;667;-267
80041;114;17;13;144;131;-97
80042;570;378;1457;2405;948;-192
80043;1103;4520;4234;9857;5623;3417
80044;296;148;853;1297;444;-148
80045;894;694;1719;3307;1588;-200
80046;230;125;351;706;355;-105
80047;109;46;94;249;155;-63
80048;187;115;212;514;302;-72
80049;962;391;1276;2629;1353;-571
80050;1550;1311;3210;6071;2861;-239
80051;407;99;504;1010;506;-308
80052;571;348;853;1772;919;-223
80053;1017;285;1328;2630;1302;-732
80054;1391;286;1045;2722;1677;-1105
80055;471;932;2045;3448;1403;461
80056;313;97;435;845;410;-216
80057;1524;2664;6346;10534;4188;1140
80058;113;51;70;234;164;-62
80059;194;77;174;445;271;-117
80060;394;392;1647;2433;786;-2
80061;1240;3050;3304;7594;4290;1810
80062;343;50;131;524;393;-293
80063;6634;10449;72623;89706;17083;3815
80064;300;121;406;827;421;-179
80065;1393;787;2181;4361;2180;-606
80066;62;42;109;213;104;-20
80067;822;1184;1743;3749;2006;362
80068;282;57;157;496;339;-225
80069;1265;973;4245;6483;2238;-292
80070;106;99;235;440;205;-7
80071;577;148;694;1419;725;-429
80072;92;24;70;186;116;-68
80073;499;275;511;1285;774;-224
80074;604;273;1365;2242;877;-331
80075;248;84;149;481;332;-164
80076;161;81;65;307;242;-80
80077;338;142;294;774;480;-196
80078;133;158;306;597;291;25
80079;133;113;194;440;246;-20
80080;73;24;53;150;97;-49
80081;531;378;1357;2266;909;-153
80082;248;96;258;602;344;-152
80083;190;124;219;533;314;-66
80084;193;120;242;555;313;-73
80085;857;389;1127;2373;1246;-468
80086;503;282;677;1462;785;-221
80087;74;89;69;232;163;15
80088;1831;2390;5499;9720;4221;559
80089;388;302;735;1425;690;-86
80090;28;41;40;109;69;13
80091;271;135;158;564;406;-136
80092;472;253;780;1505;725;-219
80093;1839;1173;4591;7603;3012;-666
80094;154;40;66;260;194;-114
80095;293;176;506;975;469;-117
80096;2300;2739;3486;8525;5039;439
80097;712;465;944;2121;1177;-247
81001;3359;1972;16728;22059;5331;-1387
81002;517;215;763;1495;732;-302
81003;808;545;1855;3208;1353;-263
81004;1148;515;2766;4429;1663;-633
81005;1318;772;4602;6692;2090;-546
81006;1606;2936;10925;15467;4542;1330
81007;687;571;1640;2898;1258;-116
81008;6050;4437;5473;15960;10487;-1613
81009;221;205;1021;1447;426;-16
81010;719;185;932;1836;904;-534
81011;3282;2318;27100;32700;5600;-964
81012;1876;1544;16807;20227;3420;-332
81013;2885;670;2119;5674;3555;-2215
81014;18;15;2918;2951;33;-3
81015;1063;494;3040;4597;1557;-569
81016;207;65;349;621;272;-142
81017;208;101;481;790;309;-107
81018;903;589;3336;4828;1492;-314
81019;610;534;1353;2497;1144;-76
81020;376;280;1263;1919;656;-96
81021;5093;14298;22670;42061;19391;9205
81022;2650;782;2422;5854;3432;-1868
81023;385;109;442;936;494;-276
81024;1192;711;1784;3687;1903;-481
82001;389;227;940;1556;616;-162
82002;259;98;507;864;357;-161
82003;191;42;238;471;233;-149
82004;1684;279;1346;3309;1963;-1405
82005;2642;291;1915;4848;2933;-2351
82006;6524;5720;15061;27305;12244;-804
82007;833;613;1444;2890;1446;-220
82008;321;76;413;810;397;-245
82009;1890;270;2795;4955;2160;-1620
82010;508;561;1331;2400;1069;53
82011;691;527;872;2090;1218;-164
82012;213;157;269;639;370;-56
82013;1513;403;1260;3176;1916;-1110
82014;1084;544;2379;4007;1628;-540
82015;535;124;1035;1694;659;-411
82016;78;37;127;242;115;-41
82017;1340;677;1568;3585;2017;-663
82018;209;56;274;539;265;-153
82019;405;179;1040;1624;584;-226
82020;2696;1010;1925;5631;3706;-1686
82021;6214;4290;8939;19443;10504;-1924
82022;745;320;3017;4082;1065;-425
82023;2267;639;2334;5240;2906;-1628
82024;550;282;874;1706;832;-268
82025;342;238;886;1466;580;-104
82026;284;101;126;511;385;-183
82027;992;3573;4795;9360;4565;2581
82028;837;218;1310;2365;1055;-619
82029;398;147;668;1213;545;-251
82030;392;182;960;1534;574;-210
82031;2373;1439;2845;6657;3812;-934
82032;571;177;990;1738;748;-394
82033;171;167;513;851;338;-4
82034;748;1091;4081;5920;1839;343
82035;2795;684;2193;5672;3479;-2111
82036;587;459;2236;3282;1046;-128
82037;270;144;525;939;414;-126
82038;554;171;466;1191;725;-383
82039;349;49;332;730;398;-300
82040;203;167;335;705;370;-36
82041;137;76;209;422;213;-61
82042;166;56;441;663;222;-110
82043;1892;781;1330;4003;2673;-1111
82044;808;240;674;1722;1048;-568
82045;542;958;1998;3498;1500;416
82046;1338;483;1537;3358;1821;-855
82047;558;143;719;1420;701;-415
82048;5701;1109;5489;12299;6810;-4592
82049;8211;1965;7854;18030;10176;-6246
82050;1575;238;1319;3132;1813;-1337
82051;523;98;687;1308;621;-425
82052;306;206;674;1186;512;-100
82053;10400;59659;268802;338861;70059;49259
82054;2809;4182;9692;16683;6991;1373
82055;411;657;985;2053;1068;246
82056;375;642;866;1883;1017;267
82057;1035;320;1418;2773;1355;-715
82058;353;253;961;1567;606;-100
82059;452;128;667;1247;580;-324
82060;484;318;1409;2211;802;-166
82061;213;74;362;649;287;-139
82062;387;98;577;1062;485;-289
82063;882;513;1291;2686;1395;-369
82064;1264;520;1933;3717;1784;-744
82065;161;98;496;755;259;-63
82066;222;129;152;503;351;-93
82067;2477;685;1862;5024;3162;-1792
82068;433;62;647;1142;495;-371
82069;42;306;111;459;348;264
82070;2077;5048;8721;15846;7125;2971
82071;1992;1021;2905;5918;3013;-971
82072;1053;117;804;1974;1170;-936
82073;2015;317;2182;4514;2332;-1698
82074;609;124;513;1246;733;-485
82075;7;11;403;421;18;4
82076;471;130;893;1494;601;-341
82077;290;89;431;810;379;-201
82078;401;240;639;1280;641;-161
82079;4582;1544;3481;9607;6126;-3038
82080;603;263;759;1625;866;-340
82081;86;90;120;296;176;4
82082;199;49;172;420;248;-150
83001;311;85;424;820;396;-226
83002;159;39;144;342;198;-120
83003;592;342;517;1451;934;-250
83004;177;47;194;418;224;-130
83005;4086;3591;13951;21628;7677;-495
83006;88;33;108;229;121;-55
83007;1031;960;1771;3762;1991;-71
83008;392;64;892;1348;456;-328
83009;1406;2980;4712;9098;4386;1574
83010;1208;715;1047;2970;1923;-493
83011;311;446;956;1713;757;135
83012;246;56;106;408;302;-190
83013;207;30;387;624;237;-177
83014;551;147;812;1510;698;-404
83015;324;49;122;495;373;-275
83016;498;276;511;1285;774;-222
83017;301;248;731;1280;549;-53
83018;109;42;38;189;151;-67
83019;503;223;649;1375;726;-280
83020;306;120;303;729;426;-186
83021;255;91;373;719;346;-164
83022;76;88;110;274;164;12
83023;152;116;234;502;268;-36
83024;213;95;165;473;308;-118
83025;465;431;1091;1987;896;-34
83026;159;29;151;339;188;-130
83027;795;866;769;2430;1661;71
83028;687;536;696;1919;1223;-151
83029;710;139;567;1416;849;-571
83030;429;136;723;1288;565;-293
83031;95;19;56;170;114;-76
83032;1614;1921;2210;5745;3535;307
83033;1531;451;1456;3438;1982;-1080
83034;311;54;272;637;365;-257
83035;429;82;267;778;511;-347
83036;430;101;227;758;531;-329
83037;111;17;157;285;128;-94
83038;538;738;643;1919;1276;200
83039;358;93;333;784;451;-265
83040;150;37;145;332;187;-113
83041;123;304;4502;4929;427;181
83042;251;124;445;820;375;-127
83043;59;78;304;441;137;19
83044;182;31;128;341;213;-151
83045;129;24;95;248;153;-105
83046;301;109;359;769;410;-192
83047;766;134;356;1256;900;-632
83048;4866;17674;98562;121102;22540;12808
83049;2855;6325;10496;19676;9180;3470
83050;217;132;246;595;349;-85
83051;165;228;224;617;393;63
83052;279;465;1721;2465;744;186
83053;139;101;175;415;240;-38
83054;613;213;527;1353;826;-400
83055;135;49;119;303;184;-86
83056;393;113;270;776;506;-280
83057;252;192;604;1048;444;-60
83058;156;118;196;470;274;-38
83059;143;39;138;320;182;-104
83060;716;410;851;1977;1126;-306
83061;932;272;660;1864;1204;-660
83062;154;107;336;597;261;-47
83063;360;155;516;1031;515;-205
83064;1388;1866;1485;4739;3254;478
83065;365;49;125;539;414;-316
83066;1023;2681;4748;8452;3704;1658
83067;210;57;350;617;267;-153
83068;856;585;848;2289;1441;-271
83069;162;71;258;491;233;-91
83070;129;120;144;393;249;-9
83071;59;12;15;86;71;-47
83072;932;505;716;2153;1437;-427
83073;318;62;155;535;380;-256
83074;85;121;200;406;206;36
83075;554;136;344;1034;690;-418
83076;1599;404;1156;3159;2003;-1195
83077;1743;1230;1333;4306;2973;-513
83078;454;126;978;1558;580;-328
83079;362;148;586;1096;510;-214
83080;602;229;556;1387;831;-373
83081;337;190;784;1311;527;-147
83082;185;85;255;525;270;-100
83083;214;116;308;638;330;-98
83084;1034;3348;4447;8829;4382;2314
83085;403;307;220;930;710;-96
83086;965;197;999;2161;1162;-768
83087;48;52;176;276;100;4
83088;519;249;851;1619;768;-270
83089;1887;1546;2217;5650;3433;-341
83090;274;46;257;577;320;-228
83091;452;507;1250;2209;959;55
83092;952;441;694;2087;1393;-511
83093;475;235;282;992;710;-240
83094;535;188;322;1045;723;-347
83095;463;297;790;1550;760;-166
83096;1076;1004;929;3009;2080;-72
83097;1483;3889;3412;8784;5372;2406
83098;1747;739;1379;3865;2486;-1008
83099;809;447;2063;3319;1256;-362
83100;135;164;180;479;299;29
83101;377;133;639;1149;510;-244
83102;145;98;258;501;243;-47
83103;357;378;216;951;735;21
83104;933;459;649;2041;1392;-474
83105;2157;1048;1607;4812;3205;-1109
83106;1379;741;1869;3989;2120;-638
83107;1022;208;1331;2561;1230;-814
83108;1060;732;938;2730;1792;-328
84001;2978;12772;21656;37406;15750;9794
84002;316;77;636;1029;393;-239
84003;1674;772;2450;4896;2446;-902
84004;222;852;1149;2223;1074;630
84005;341;167;724;1232;508;-174
84006;251;65;274;590;316;-186
84007;443;124;874;1441;567;-319
84008;358;97;454;909;455;-261
84009;817;1220;1763;3800;2037;403
84010;981;483;2696;4160;1464;-498
84011;1642;3111;11915;16668;4753;1469
84012;784;316;2431;3531;1100;-468
84013;367;337;715;1419;704;-30
84014;443;128;949;1520;571;-315
84015;402;164;810;1376;566;-238
84016;238;82;204;524;320;-156
84017;4023;1727;9330;15080;5750;-2296
84018;991;247;1197;2435;1238;-744
84019;262;47;197;506;309;-215
84020;1; ;2275;1 2275;1 ;-1
84021;1159;1358;13390;15907;2517;199
84022;410;63;412;885;473;-347
84023;853;484;3741;5078;1337;-369
84024;379;117;551;1047;496;-262
84025;460;219;625;1304;679;-241
84026;696;598;2078;3372;1294;-98
84027;2377;443;6901;9721;2820;-1934
84028;2094;1100;4228;7422;3194;-994
84029;1181;375;1895;3451;1556;-806
84030;2386;286;2838;5510;2672;-2100
84031;1017;488;3227;4732;1505;-529
84032;750;233;887;1870;983;-517
84033;1119;1012;6299;8430;2131;-107
84034;611;218;1831;2660;829;-393
84035;357;75;797;1229;432;-282
84036;1383;518;1852;3753;1901;-865
84037;481;111;476;1068;592;-370
84038;941;267;1493;2701;1208;-674
84039;212;77;282;571;289;-135
84040;516;303;1196;2015;819;-213
84041;1169;3041;15450;19660;4210;1872
84042;550;212;1150;1912;762;-338
84043;203;98;356;657;301;-105
85001;142;45;183;370;187;-97
85002;125;18;82;225;143;-107
85003;604;632;1128;2364;1236;28
85004;2214;9242;24696;36152;11456;7028
85005;444;164;711;1319;608;-280
85006;652;126;1159;1937;778;-526
85007;1236;3153;27392;31781;4389;1917
85008;369;45;393;807;414;-324
85009;949;648;4040;5637;1597;-301
85010;520;135;718;1373;655;-385
85011;214;48;377;639;262;-166
85012;658;973;3890;5521;1631;315
85013;2493;315;8207;11015;2808;-2178
85014;314;72;483;869;386;-242
85015;1138;311;3261;4710;1449;-827
85016;3692;1347;6217;11256;5039;-2345
85017;767;99;1283;2149;866;-668
85018;1123;252;1493;2868;1375;-871
85019;1010;201;1697;2908;1211;-809
85020;230;82;270;582;312;-148
85021;445;108;837;1390;553;-337
85022;206;84;399;689;290;-122
86001;892;680;2345;3917;1572;-212
86002;667;191;1307;2165;858;-476
86003;904;597;1192;2693;1501;-307
86004;1575;397;3753;5725;1972;-1178
86005;974;125;957;2056;1099;-849
86006;785;196;1245;2226;981;-589
86007;793;438;1415;2646;1231;-355
86008;263;127;533;923;390;-136
86009;1145;7083;11467;19695;8228;5938
86010;389;166;1017;1572;555;-223
86011;1438;1017;4123;6578;2455;-421
86012;614;1258;5432;7304;1872;644
86013;650;276;651;1577;926;-374
86014;1496;2311;7532;11339;3807;815
86015;936;267;1792;2995;1203;-669
86016;685;313;2029;3027;998;-372
86017;148;63;164;375;211;-85
86018;577;563;3301;4441;1140;-14
86019;1092;275;1980;3347;1367;-817
86020;811;119;1194;2124;930;-692
87001;974;650;489;2113;1624;-324
87002;5738;1892;2376;10006;7630;-3846
87003;9064;1173;4322;14559;10237;-7891
87004;7115;9018;15318;31451;16133;1903
87005;5387;2190;2877;10454;7577;-3197
87006;3256;1990;10403;15649;5246;-1266
87007;5537;5070;6149;16756;10607;-467
87008;2948;1688;6456;11092;4636;-1260
87009;1325;1435;6868;9628;2760;110
87010;1153;312;865;2330;1465;-841
87011;1679;3384;14107;19170;5063;1705
87012;1661;427;554;2642;2088;-1234
87013;748;174;1045;1967;922;-574
87014;495;479;810;1784;974;-16
87015;13420;83521;104037;200978;96941;70101
87016;2170;553;1894;4617;2723;-1617
87017;4230;7058;7200;18488;11288;2828
87018;1436;336;3568;5340;1772;-1100
87019;8404;3231;3276;14911;11635;-5173
87020;427;248;794;1469;675;-179
87021;839;480;1595;2914;1319;-359
87022;610;183;973;1766;793;-427
87023;3743;838;2116;6697;4581;-2905
87024;9272;2281;4860;16413;11553;-6991
87025;918;457;1806;3181;1375;-461
87026;250;161;159;570;411;-89
87027;560;603;1419;2582;1163;43
87028;596;131;1185;1912;727;-465
87029;10996;7581;9334;27911;18577;-3415
87030;3200;1551;2128;6879;4751;-1649
87031;1726;1658;1571;4955;3384;-68
87032;1052;844;5488;7384;1896;-208
87033;4950;3907;14708;23565;8857;-1043
87034;4289;947;1890;7126;5236;-3342
87035;766;265;868;1899;1031;-501
87036;460;142;787;1389;602;-318
87037;1170;716;3531;5417;1886;-454
87038;884;892;4030;5806;1776;8
87039;3144;2792;2626;8562;5936;-352
87040;418;123;564;1105;541;-295
87041;6451;5612;3626;15689;12063;-839
87042;4386;1923;1437;7746;6309;-2463
87043;441;226;759;1426;667;-215
87044;2231;541;999;3771;2772;-1690
87045;3456;2971;1169;7596;6427;-485
87046;429;194;259;882;623;-235
87047;1370;750;1646;3766;2120;-620
87048;1871;836;1702;4409;2707;-1035
87049;1946;716;5045;7707;2662;-1230
87050;3254;910;1697;5861;4164;-2344
87051;7577;3409;2700;13686;10986;-4168
87052;2701;665;972;4338;3366;-2036
87053;2477;986;1192;4655;3463;-1491
87054;579;258;1740;2577;837;-321
87055;1883;833;2172;4888;2716;-1050
87056;547;869;1301;2717;1416;322
87057;612;217;1022;1851;829;-395
87058;1008;228;588;1824;1236;-780
88001;1212;1341;3573;6126;2553;129
88002;1054;718;2371;4143;1772;-336
88003;3286;1496;9191;13973;4782;-1790
88004;571;148;822;1541;719;-423
88005;1390;1674;5523;8587;3064;284
88006;3246;3686;21468;28400;6932;440
88007;465;79;904;1448;544;-386
88008;1863;1088;5545;8496;2951;-775
88009;2365;8117;30778;41260;10482;5752
88010;1432;965;3159;5556;2397;-467
88011;1963;757;9539;12259;2720;-1206
88012;3053;3426;23689;30168;6479;373
89001;2824;4795;12077;19696;7619;1971
89002;3413;816;8529;12758;4229;-2597
89003;236;185;535;956;421;-51
89004;240;71;250;561;311;-169
89005;1104;244;1564;2912;1348;-860
89006;3864;1262;3175;8301;5126;-2602
89007;129;37;188;354;166;-92
89008;419;61;583;1063;480;-358
89009;3885;921;5545;10351;4806;-2964
89010;1048;358;3209;4615;1406;-690
89011;2701;4583;6036;13320;7284;1882
89012;2676;2069;2872;7617;4745;-607
89013;1907;2516;7031;11454;4423;609
89014;1325;1095;8175;10595;2420;-230
89015;1027;691;2839;4557;1718;-336
89016;2508;598;6591;9697;3106;-1910
89017;6379;12325;43635;62339;18704;5946
89018;1605;222;1718;3545;1827;-1383
89019;1534;248;2286;4068;1782;-1286
89020;474;399;1125;1998;873;-75
89021;1684;5432;3370;10486;7116;3748
90003;2870;2557;14482;19909;5427;-313
90004;124;48;123;295;172;-76
90005;193;35;179;407;228;-158
90007;122;32;93;247;154;-90
90008;300;84;534;918;384;-216
90010;115;26;33;174;141;-89
90011;243;54;150;447;297;-189
90012;298;420;1138;1856;718;122
90013;542;280;981;1803;822;-262
90015;71;9;35;115;80;-62
90016;133;32;102;267;165;-101
90018;101;95;285;481;196;-6
90019;101;19;62;182;120;-82
90020;159;116;195;470;275;-43
90022;225;97;71;393;322;-128
90023;564;347;1679;2590;911;-217
90024;110;48;43;201;158;-62
90025;293;69;346;708;362;-224
90026;338;297;253;888;635;-41
90027;198;37;141;376;235;-161
90028;90;33;67;190;123;-57
90029;353;101;285;739;454;-252
90030;113;112;80;305;225;-1
90031;133;54;190;377;187;-79
90032;119;19;102;240;138;-100
90033;1861;285;2275;4421;2146;-1576
90034;197;24;137;358;221;-173
90038;119;31;75;225;150;-88
90039;106;30;105;241;136;-76
90040;17;19;19;55;36;2
90042;289;164;445;898;453;-125
90043;309;239;98;646;548;-70
90044;204;47;149;400;251;-157
90045;193;35;425;653;228;-158
90046;487;118;737;1342;605;-369
90048;1113;317;746;2176;1430;-796
90050;730;107;717;1554;837;-623
90051;1580;272;1136;2988;1852;-1308
90052;822;1576;4186;6584;2398;754
90053;99;44;103;246;143;-55
90055;474;106;960;1540;580;-368
90056;320;318;613;1251;638;-2
90057;931;247;1186;2364;1178;-684
90058;2663;2636;7169;12468;5299;-27
90059;356;264;661;1281;620;-92
90060;210;49;152;411;259;-161
90061;127;32;85;244;159;-95
90064;4886;20011;53578;78475;24897;15125
90065;217;77;288;582;294;-140
90066;18;27;18;63;45;9
90067;1797;253;1206;3256;2050;-1544
90068;160;73;148;381;233;-87
90069;3340;457;2652;6449;3797;-2883
90071;373;616;953;1942;989;243
90072;881;82;311;1274;963;-799
90073;236;96;179;511;332;-140
90075;215;50;454;719;265;-165
90076;747;117;565;1429;864;-630
90077;1258;164;783;2205;1422;-1094
90078;406;130;662;1198;536;-276
90079;471;440;999;1910;911;-31
90082;311;108;361;780;419;-203
90086;139;65;109;313;204;-74
90087;255;120;291;666;375;-135
90088;121;21;109;251;142;-100
90089;211;196;336;743;407;-15
91001;102;140;432;674;242;38
91003;148;36;228;412;184;-112
91004;100;38;196;334;138;-62
91007;99;35;176;310;134;-64
91008;131;58;65;254;189;-73
91009;249;191;1048;1488;440;-58
91010;391;204;589;1184;595;-187
91011;295;148;522;965;443;-147
91012;259;98;283;640;357;-161
91016;192;75;688;955;267;-117
91017;594;174;3102;3870;768;-420
91018;120;21;96;237;141;-99
91024;449;125;1316;1890;574;-324
91025;65;47;202;314;112;-18
91027;455;104;567;1126;559;-351
91028;296;297;792;1385;593;1
91033;353;189;602;1144;542;-164
91038;131;28;91;250;159;-103
91040;113;55;97;265;168;-58
91041;245;46;425;716;291;-199
91043;156;106;437;699;262;-50
91044;586;2785;3873;7244;3371;2199
91046;449;105;605;1159;554;-344
91047;198;43;483;724;241;-155
91050;61;27;53;141;88;-34
91051;1256;6461;15493;23210;7717;5205
91055;1211;111;1879;3201;1322;-1100
91056;213;36;245;494;249;-177
91057;129;50;180;359;179;-79
91058;92;95;68;255;187;3
91059;164;37;93;294;201;-127
91060;198;57;209;464;255;-141
91061;453;156;809;1418;609;-297
91062;557;100;1224;1881;657;-457
91063;470;656;2550;3676;1126;186
91064;378;52;481;911;430;-326
91066;132;34;322;488;166;-98
91067;383;50;719;1152;433;-333
91068;30;18;46;94;48;-12
91070;269;623;629;1521;892;354
91071;197;63;461;721;260;-134
91073;481;133;555;1169;614;-348
91077;242;38;421;701;280;-204
91083;433;95;509;1037;528;-338
91084;319;42;420;781;361;-277
91085;705;1022;4036;5763;1727;317
91086;97;696;615;1408;793;599
91090;114;41;141;296;155;-73
91091;81;28;80;189;109;-53
91093;234;133;659;1026;367;-101
91094;358;108;499;965;466;-250
91104;89;9;33;131;98;-80
92002;65;27;89;181;92;-38
92003;7996;4130;5460;17586;12126;-3866
92004;112;43;164;319;155;-69
92005;322;51;200;573;373;-271
92008;651;61;532;1244;712;-590
92009;12151;66577;55363;134091;78728;54426
92011;6661;1034;4927;12622;7695;-5627
92015;2185;2229;1567;5981;4414;44
92016;989;202;892;2083;1191;-787
92017;2552;568;1891;5011;3120;-1984
92018;209;159;416;784;368;-50
92020;494;182;434;1110;676;-312
92024;169;41;200;410;210;-128
92027;74;23;95;192;97;-51
92030;285;65;167;517;350;-220
92031;538;141;574;1253;679;-397
92036;335;141;560;1036;476;-194
92037;2084;374;1233;3691;2458;-1710
92038;1058;909;936;2903;1967;-149
92039;521;1196;1650;3367;1717;675
92042;602;188;503;1293;790;-414
92044;195;197;247;639;392;2
92048;244;42;207;493;286;-202
92050;974;1486;2090;4550;2460;512
92051;17528;5494;15098;38120;23022;-12034
92053;373;209;369;951;582;-164
92054;284;44;217;545;328;-240
92058;103;61;171;335;164;-42
92059;2378;897;1655;4930;3275;-1481
92061;423;62;365;850;485;-361
92064;617;232;799;1648;849;-385
92066;774;3251;1431;5456;4025;2477
92068;10067;4929;4865;19861;14996;-5138
92069;350;79;250;679;429;-271
92070;848;1314;1356;3518;2162;466
92071;729;277;481;1487;1006;-452
92074;6362;5592;4547;16501;11954;-770
92075;2208;557;956;3721;2765;-1651
92078;865;209;841;1915;1074;-656
92079;180;51;281;512;231;-129
92080;4855;855;3047;8757;5710;-4000
92081;346;95;419;860;441;-251
92082;600;105;284;989;705;-495
92083;280;199;220;699;479;-81
92084;415;544;951;1910;959;129
92088;1210;214;744;2168;1424;-996
92090;2077;1315;1571;4963;3392;-762
92091;354;139;332;825;493;-215
92097;593;644;1248;2485;1237;51
92098;104;73;291;468;177;-31
92099;647;103;281;1031;750;-544
92100;278;411;1329;2018;689;133
92101;1421;919;1464;3804;2340;-502
92102;800;236;435;1471;1036;-564
92105;4876;1638;1521;8035;6514;-3238
92106;232;201;450;883;433;-31
92108;2993;5833;1639;10465;8826;2840
92109;6678;6909;2919;16506;13587;231
92110;290;57;478;825;347;-233
92111;124;12;67;203;136;-112
92112;46;27;177;250;73;-19
92113;157;95;297;549;252;-62
92114;165;1364;1080;2609;1529;1199
92115;145;72;164;381;217;-73
92116;223;46;253;522;269;-177
92117;210;110;615;935;320;-100
92118;291;105;626;1022;396;-186
92119;89;45;261;395;134;-44
92120;126;25;116;267;151;-101
92121;66;11;220;297;77;-55
92122;122;32;306;460;154;-90
93001;81;9;17;107;90;-72
93002;492;263;95;850;755;-229
93003;770;281;162;1213;1051;-489
93004;2101;2567;2452;7120;4668;466
93005;5080;2420;3564;11064;7500;-2660
93006;61;55;36;152;116;-6
93007;2628;2958;2420;8006;5586;330
93008;929;309;350;1588;1238;-620
93009;2083;540;1108;3731;2623;-1543
93010;2829;1241;1577;5647;4070;-1588
93011;373;29;42;444;402;-344
93012;582;120;173;875;702;-462
93013;1790;1566;1139;4495;3356;-224
93014;142;83;52;277;225;-59
93015;219;71;229;519;290;-148
93016;101;23;33;157;124;-78
93017;6541;2441;3353;12335;8982;-4100
93018;994;476;473;1943;1470;-518
93019;142;14;50;206;156;-128
93020;549;203;172;924;752;-346
93021;3750;2816;2692;9258;6566;-934
93022;3882;2773;2434;9089;6655;-1109
93024;269;20;23;312;289;-249
93025;1908;3493;4265;9666;5401;1585
93026;481;547;340;1368;1028;66
93027;1364;590;889;2843;1954;-774
93028;771;591;601;1963;1362;-180
93029;2205;1701;1832;5738;3906;-504
93030;524;169;181;874;693;-355
93031;1030;566;489;2085;1596;-464
93032;5380;4600;3089;13069;9980;-780
93033;8559;25571;17059;51189;34130;17012
93034;2489;2750;2254;7493;5239;261
93035;1072;667;744;2483;1739;-405
93036;2213;1832;990;5035;4045;-381
93037;5249;4679;5044;14972;9928;-570
93038;1039;694;1243;2976;1733;-345
93039;639;260;173;1072;899;-379
93040;1412;1414;902;3728;2826;2
93041;3224;5707;5061;13992;8931;2483
93042;756;694;396;1846;1450;-62
93043;2370;1153;1013;4536;3523;-1217
93044;2720;2684;3377;8781;5404;-36
93045;112;20;13;145;132;-92
93046;129;40;49;218;169;-89
93047;531;512;366;1409;1043;-19
93048;872;790;297;1959;1662;-82
93049;219;77;122;418;296;-142
93050;442;310;288;1040;752;-132
93051;2646;2099;1839;6584;4745;-547
93052;703;60;207;970;763;-643
94001;117;11;75;203;128;-106
94002;420;454;1710;2584;874;34
94003;69;59;159;287;128;-10
94004;163;7;77;247;170;-156
94005;183;160;123;466;343;-23
94006;112;76;208;396;188;-36
94007;315;121;263;699;436;-194
94008;329;120;152;601;449;-209
94009;67;47;33;147;114;-20
94010;447;149;257;853;596;-298
94011;46;7;15;68;53;-39
94012;111;39;66;216;150;-72
94013;28;1;16;45;29;-27
94014;247;80;196;523;327;-167
94015;63;12;13;88;75;-51
94016;185;51;153;389;236;-134
94017;328;144;291;763;472;-184
94018;47;3;10;60;50;-44
94019;128;94;105;327;222;-34
94020;157;42;102;301;199;-115
94021;456;58;339;853;514;-398
94022;419;185;858;1462;604;-234
94023;1999;6403;8237;16639;8402;4404
94024;204;13;71;288;217;-191
94025;310;302;111;723;612;-8
94026;303;93;376;772;396;-210
94027;302;50;137;489;352;-252
94028;624;328;502;1454;952;-296
94029;118;8;77;203;126;-110
94030;537;167;326;1030;704;-370
94031;669;449;127;1245;1118;-220
94032;201;46;138;385;247;-155
94033;40;21;19;80;61;-19
94034;105;837;75;1017;942;732
94035;148;25;104;277;173;-123
94036;80;14;33;127;94;-66
94037;78;22;72;172;100;-56
94038;488;1872;509;2869;2360;1384
94039;251;36;143;430;287;-215
94040;204;30;151;385;234;-174
94041;155;7;33;195;162;-148
94042;233;63;135;431;296;-170
94043;103;32;91;226;135;-71
94044;419;70;175;664;489;-349
94045;198;45;33;276;243;-153
94046;77;13;23;113;90;-64
94047;33;23;18;74;56;-10
94048;150;25;59;234;175;-125
94049;180;157;70;407;337;-23
94050;465;217;389;1071;682;-248
94051;152;29;112;293;181;-123
94052;1786;1535;3549;6870;3321;-251
95001;615;521;598;1734;1136;-94
95002;91;40;55;186;131;-51
95003;56;49;22;127;105;-7
95004;188;576;373;1137;764;388
95005;85;37;83;205;122;-48
95006;602;841;1442;2885;1443;239
95007;150;65;139;354;215;-85
95008;74;13;44;131;87;-61
95009;59;21;45;125;80;-38
95010;25;14;11;50;39;-11
95011;312;78;236;626;390;-234
95012;128;141;94;363;269;13
95013;165;99;110;374;264;-66
95014;27;5;22;54;32;-22
95015;239;52;362;653;291;-187
95016;31;10;16;57;41;-21
95017;230;89;240;559;319;-141
95018;1800;456;2095;4351;2256;-1344
95019;324;155;556;1035;479;-169
95020;144;119;206;469;263;-25
95021;587;1050;1367;3004;1637;463
95022;135;24;39;198;159;-111
95023;182;59;115;356;241;-123
95024;228;56;112;396;284;-172
95025;1085;399;932;2416;1484;-686
95026;191;120;219;530;311;-71
95027;305;212;341;858;517;-93
95028;102;12;71;185;114;-90
95029;545;337;1102;1984;882;-208
95030;126;54;170;350;180;-72
95031;339;112;416;867;451;-227
95032;103;78;167;348;181;-25
95033;314;130;193;637;444;-184
95034;100;16;72;188;116;-84
95035;483;121;322;926;604;-362
95036;64;20;45;129;84;-44
95037;290;49;229;568;339;-241
95038;2194;11807;11924;25925;14001;9613
95039;490;104;208;802;594;-386
95040;45;35;35;115;80;-10
95041;359;82;594;1035;441;-277
95042;67;9;19;95;76;-58
95043;456;164;381;1001;620;-292
95044;119;40;113;272;159;-79
95045;343;136;861;1340;479;-207
95046;511;121;550;1182;632;-390
95047;1498;957;821;3276;2455;-541
95048;75;95;48;218;170;20
95049;319;85;645;1049;404;-234
95050;466;228;463;1157;694;-238
95051;211;92;367;670;303;-119
95052;323;87;549;959;410;-236
95053;307;68;392;767;375;-239
95054;68;55;63;186;123;-13
95055;45;20;21;86;65;-25
95056;291;182;116;589;473;-109
95057;241;62;112;415;303;-179
95058;93;11;24;128;104;-82
95059;528;269;452;1249;797;-259
95060;90;75;63;228;165;-15
95061;56;13;30;99;69;-43
95062;565;140;350;1055;705;-425
95063;70;24;59;153;94;-46
95064;26;9;12;47;35;-17
95065;1566;803;2760;5129;2369;-763
95066;234;129;164;527;363;-105
95067;182;106;245;533;288;-76
95068;126;19;47;192;145;-107
95069;533;160;526;1219;693;-373
95070;152;86;131;369;238;-66
95071;76;13;32;121;89;-63
95072;348;88;313;749;436;-260
95073;75;18;34;127;93;-57
95074;270;117;177;564;387;-153
95075;243;34;193;470;277;-209
95076;98;35;40;173;133;-63
95077;108;19;27;154;127;-89
95078;21;12;12;45;33;-9
95079;485;605;2780;3870;1090;120
95080;99;79;61;239;178;-20
95081;125;58;165;348;183;-67
95082;194;156;508;858;350;-38
95083;130;29;32;191;159;-101
95084;36;10;8;54;46;-26
95085;88;28;72;188;116;-60
95086;50;8;17;75;58;-42
95087;165;112;197;474;277;-53
95088;69;38;25;132;107;-31
96001;142;4;8;154;146;-138
96002;1232;500;378;2110;1732;-732
96003;523;451;131;1105;974;-72
96004;6144;18386;14731;39261;24530;12242
96005;346;53;96;495;399;-293
96006;347;155;77;579;502;-192
96007;711;374;344;1429;1085;-337
96008;59;63;7;129;122;4
96009;131;17;24;172;148;-114
96010;560;286;73;919;846;-274
96011;56;63;15;134;119;7
96012;2916;604;1019;4539;3520;-2312
96013;91;16;5;112;107;-75
96014;186;33;25;244;219;-153
96015;361;557;128;1046;918;196
96016;1029;1072;817;2918;2101;43
96017;278;495;52;825;773;217
96018;1095;699;482;2276;1794;-396
96019;567;335;226;1128;902;-232
96020;4249;2852;2883;9984;7101;-1397
96021;424;404;266;1094;828;-20
96022;164;32;14;210;196;-132
96023;154;32;25;211;186;-122
96024;241;59;79;379;300;-182
96025;203;125;51;379;328;-78
96026;1367;1786;617;3770;3153;419
96027;55;36;8;99;91;-19
96028;476;243;228;947;719;-233
96029;852;857;380;2089;1709;5
96030;114;43;25;182;157;-71
96031;212;186;65;463;398;-26
96032;692;819;348;1859;1511;127
96033;185;54;33;272;239;-131
96034;252;123;42;417;375;-129
96035;1297;727;690;2714;2024;-570
96037;584;241;197;1022;825;-343
96038;274;24;20;318;298;-250
96039;296;99;128;523;395;-197
96040;1473;757;481;2711;2230;-716
96041;1158;301;260;1719;1459;-857
96042;506;120;169;795;626;-386
96043;241;498;26;765;739;257
96044;78;14;7;99;92;-64
96046;769;445;267;1481;1214;-324
96047;1415;588;513;2516;2003;-827
96048;454;108;135;697;562;-346
96049;949;138;284;1371;1087;-811
96050;661;592;372;1625;1253;-69
96051;552;609;157;1318;1161;57
96052;72;18;7;97;90;-54
96053;569;386;187;1142;955;-183
96054;341;77;93;511;418;-264
96055;32;7;2;41;39;-25
96056;638;347;163;1148;985;-291
96057;224;62;44;330;286;-162
96058;704;278;293;1275;982;-426
96059;940;1434;478;2852;2374;494
96060;63;7;9;79;70;-56
96061;44;14;3;61;58;-30
96062;304;35;48;387;339;-269
96063;473;173;169;815;646;-300
96064;299;46;71;416;345;-253
96065;397;328;137;862;725;-69
96066;413;54;75;542;467;-359
96067;132;11;9;152;143;-121
96068;870;629;374;1873;1499;-241
96069;95;2;6;103;97;-93
96070;1266;1772;1693;4731;3038;506
96071;907;993;372;2272;1900;86
96072;109;8;10;127;117;-101
96073;840;1596;757;3193;2436;756
96074;432;36;74;542;468;-396
96075;206;137;24;367;343;-69
96076;492;1824;207;2523;2316;1332
96077;2738;2791;1385;6914;5529;53
96078;133;39;24;196;172;-94
96079;68;51;36;155;119;-17
96080;430;255;209;894;685;-175
96081;167;20;35;222;187;-147
96082;481;75;107;663;556;-406
96083;489;56;90;635;545;-433
96084;534;466;253;1253;1000;-68
97001;1277;453;506;2236;1730;-824
97002;1197;411;425;2033;1608;-786
97003;961;796;345;2102;1757;-165
97004;1792;379;641;2812;2171;-1413
97005;994;1544;454;2992;2538;550
97006;1998;922;913;3833;2920;-1076
97007;427;277;183;887;704;-150
97008;946;492;655;2093;1438;-454
97009;1302;2462;676;4440;3764;1160
97010;1659;1408;907;3974;3067;-251
97011;1199;974;439;2612;2173;-225
97012;2229;1208;791;4228;3437;-1021
97013;4323;3393;3189;10905;7716;-930
97014;554;57;199;810;611;-497
97015;258;110;144;512;368;-148
97016;4841;2757;2155;9753;7598;-2084
97017;1750;976;752;3478;2726;-774
97018;174;176;57;407;350;2
97019;1117;642;340;2099;1759;-475
97020;1517;2253;563;4333;3770;736
97021;902;1251;413;2566;2153;349
97022;1592;1211;631;3434;2803;-381
97023;1601;2021;2140;5762;3622;420
97024;753;105;232;1090;858;-648
97025;391;614;328;1333;1005;223
97026;1605;2057;1053;4715;3662;452
97027;122;11;17;150;133;-111
97028;818;278;171;1267;1096;-540
97029;602;233;166;1001;835;-369
97030;729;326;515;1570;1055;-403
97031;962;932;350;2244;1894;-30
97032;133;24;24;181;157;-109
97033;602;156;122;880;758;-446
97034;350;17;86;453;367;-333
97035;161;8;173;342;169;-153
97036;3270;1226;1478;5974;4496;-2044
97037;1065;1338;377;2780;2403;273
97038;1144;567;307;2018;1711;-577
97039;1062;280;289;1631;1342;-782
97040;686;535;396;1617;1221;-151
97041;39;15;4;58;54;-24
97042;7581;24305;16840;48726;31886;16724
97043;782;214;398;1394;996;-568
97044;2118;1510;727;4355;3628;-608
97045;1769;618;491;2878;2387;-1151
97046;2773;1488;2809;7070;4261;-1285
97047;116;90;59;265;206;-26
97048;4382;7324;3391;15097;11706;2942
97049;3340;1297;1469;6106;4637;-2043
97050;190;61;51;302;251;-129
97051;1429;1433;650;3512;2862;4
97052;853;595;316;1764;1448;-258
97053;1151;318;283;1752;1469;-833
97054;1582;2056;575;4213;3638;474
97055;6; ;5;6 5;6 ;-6
97056;1448;841;536;2825;2289;-607
97057;2801;4035;1932;8768;6836;1234
97058;2443;1028;882;4353;3471;-1415
97059;2556;2033;1354;5943;4589;-523
97060;420;95;124;639;515;-325
97061;2000;1957;697;4654;3957;-43
97062;1777;563;449;2789;2340;-1214
97063;146;4;15;165;150;-142
97064;64;18;8;90;82;-46
97065;736;231;370;1337;967;-505
97066;772;535;219;1526;1307;-237
97067;273;143;120;536;416;-130
97068;1021;586;303;1910;1607;-435
97069;338;186;1014;1538;524;-152
97070;749;468;453;1670;1217;-281
97071;2673;1410;871;4954;4083;-1263
97072;1398;642;435;2475;2040;-756
97073;1227;702;448;2377;1929;-525
97074;963;572;319;1854;1535;-391
97075;952;1201;402;2555;2153;249
97076;1265;609;334;2208;1874;-656
97077;55;4;6;65;59;-51
97078;765;266;215;1246;1031;-499
97079;222;127;69;418;349;-95
97080;867;125;272;1264;992;-742
97081;40;10;10;60;50;-30
97082;1493;469;457;2419;1962;-1024
97083;3901;2825;2562;9288;6726;-1076
97084;241;179;80;500;420;-62
97085;81;49;24;154;130;-32
97086;1137;431;349;1917;1568;-706
97087;1630;795;203;2628;2425;-835
97088;1375;869;270;2514;2244;-506
97089;78;62;54;194;140;-16
97090;877;566;261;1704;1443;-311
98001;124;16;33;173;140;-108
98002;403;130;172;705;533;-273
98003;812;277;195;1284;1089;-535
98004;1537;492;758;2787;2029;-1045
98005;1010;487;317;1814;1497;-523
98006;969;310;422;1701;1279;-659
98007;311;74;30;415;385;-237
98008;1381;426;352;2159;1807;-955
98009;1564;552;413;2529;2116;-1012
98010;4541;3420;3521;11482;7961;-1121
98011;569;152;266;987;721;-417
98012;1253;223;460;1936;1476;-1030
98013;535;136;293;964;671;-399
98014;1675;599;974;3248;2274;-1076
98015;1238;262;373;1873;1500;-976
98016;366;93;74;533;459;-273
98017;885;392;359;1636;1277;-493
98018;968;155;274;1397;1123;-813
98019;3939;5207;4323;13469;9146;1268
98020;1033;171;291;1495;1204;-862
98021;1293;732;404;2429;2025;-561
98022;454;161;164;779;615;-293
98023;97;64;14;175;161;-33
98024;666;148;206;1020;814;-518
98025;924;410;263;1597;1334;-514
98026;1104;622;257;1983;1726;-482
98027;704;165;45;914;869;-539
98028;853;463;480;1796;1316;-390
98029;894;1051;533;2478;1945;157
98030;886;629;475;1990;1515;-257
98031;8862;18764;13888;41514;27626;9902
98032;2515;1332;1594;5441;3847;-1183
98033;17;50;17;84;67;33
98034;703;157;144;1004;860;-546
98035;1149;341;545;2035;1490;-808
98036;713;223;185;1121;936;-490
98037;1801;958;688;3447;2759;-843
98038;206;63;9;278;269;-143
98039;839;638;234;1711;1477;-201
98040;1030;955;294;2279;1985;-75
98041;2504;609;914;4027;3113;-1895
98042;733;205;284;1222;938;-528
98043;614;1088;335;2037;1702;474
98044;551;444;254;1249;995;-107
98045;659;1011;312;1982;1670;352
98046;1241;255;284;1780;1496;-986
98047;790;146;218;1154;936;-644
98048;1507;1069;551;3127;2576;-438
98049;1201;1071;718;2990;2272;-130
98050;3601;2178;2850;8629;5779;-1423
98051;790;92;192;1074;882;-698
98052;879;143;223;1245;1022;-736
98053;658;236;319;1213;894;-422
98054;1193;1361;792;3346;2554;168
98055;1444;486;391;2321;1930;-958
98056;2452;1015;1093;4560;3467;-1437
98057;445;349;79;873;794;-96
98058;598;132;202;932;730;-466
98059;738;48;233;1019;786;-690
98060;816;124;241;1181;940;-692
98061;3003;816;1154;4973;3819;-2187
99001;4199;1785;5344;11328;5984;-2414
99002;3856;3612;4022;11490;7468;-244
99003;2828;2906;2235;7969;5734;78
99004;370;46;136;552;416;-324
99005;3651;2147;2575;8373;5798;-1504
99006;417;225;259;901;642;-192
99007;1296;230;481;2007;1526;-1066
99008;856;118;250;1224;974;-738
99009;361;137;170;668;498;-224
99010;1032;191;522;1745;1223;-841
99011;1855;2221;1702;5778;4076;366
99012;1251;908;571;2730;2159;-343
99013;5881;7446;10609;23936;13327;1565
99014;10757;21932;58350;91039;32689;11175
99015;1005;285;492;1782;1290;-720
99016;1983;1055;947;3985;3038;-928
99017;2563;3377;2208;8148;5940;814
99018;5689;4970;5288;15947;10659;-719
99019;543;486;267;1296;1029;-57
99020;2430;1880;2545;6855;4310;-550
99021;91;30;80;201;121;-61
99022;249;33;114;396;282;-216
99023;1252;1418;2102;4772;2670;166
99024;588;327;689;1604;915;-261
99025;598;480;720;1798;1078;-118
99026;482;235;559;1276;717;-247
99027;356;360;179;895;716;4
100001;1184;561;403;2148;1745;-623
100002;5155;1609;2857;9621;6764;-3546
100003;4834;6164;4716;15714;10998;1330
100004;3395;1470;1777;6642;4865;-1925
100005;26512;24840;74177;125529;51352;-1672
100006;2990;1175;2102;6267;4165;-1815
100007;1789;304;1060;3153;2093;-1485
101001;261;47;525;833;308;-214
101002;253;104;399;756;357;-149
101003;82;69;150;301;151;-13
101004;363;81;662;1106;444;-282
101005;152;29;182;363;181;-123
101006;216;93;206;515;309;-123
101007;409;315;768;1492;724;-94
101008;1069;682;5047;6798;1751;-387
101009;467;357;1750;2574;824;-110
101010;1229;6567;24118;31914;7796;5338
101011;444;83;853;1380;527;-361
101012;787;431;2670;3888;1218;-356
101013;1156;614;4405;6175;1770;-542
101014;424;203;1035;1662;627;-221
101015;586;329;2525;3440;915;-257
101016;137;36;265;438;173;-101
101017;649;476;2923;4048;1125;-173
101018;433;111;879;1423;544;-322
101019;688;294;1423;2405;982;-394
101020;401;36;405;842;437;-365
101021;127;31;141;299;158;-96
101022;243;243;592;1078;486;0
101023;163;36;283;482;199;-127
101024;443;123;845;1411;566;-320
101025;725;183;1728;2636;908;-542
101026;69;73;259;401;142;4
101027;254;64;517;835;318;-190
102001;326;141;561;1028;467;-185
102002;290;59;377;726;349;-231
102003;766;222;710;1698;988;-544
102004;185;55;97;337;240;-130
102005;170;30;190;390;200;-140
102006;622;113;607;1342;735;-509
102007;190;44;234;468;234;-146
102008;239;209;512;960;448;-30
102009;416;78;377;871;494;-338
102010;302;44;700;1046;346;-258
102011;885;414;1507;2806;1299;-471
102012;479;212;332;1023;691;-267
102013;285;67;295;647;352;-218
102014;495;148;286;929;643;-347
102015;270;108;555;933;378;-162
102016;425;265;742;1432;690;-160
102017;1356;544;640;2540;1900;-812
102018;329;111;338;778;440;-218
102019;660;194;828;1682;854;-466
102020;331;617;714;1662;948;286
102021;1064;293;1723;3080;1357;-771
102022;98;232;216;546;330;134
102023;321;83;356;760;404;-238
102024;83;59;461;603;142;-24
102025;644;445;1611;2700;1089;-199
102026;267;138;182;587;405;-129
102027;1199;887;2218;4304;2086;-312
102028;209;46;252;507;255;-163
102029;192;60;153;405;252;-132
102030;734;561;1206;2501;1295;-173
102031;951;286;1039;2276;1237;-665
102032;704;170;992;1866;874;-534
102033;469;139;415;1023;608;-330
102034;556;127;575;1258;683;-429
102035;202;71;283;556;273;-131
102036;692;239;616;1547;931;-453
102037;463;924;2371;3758;1387;461
102038;206;131;202;539;337;-75
102039;274;111;312;697;385;-163
102040;332;433;810;1575;765;101
102041;201;179;157;537;380;-22
102042;319;93;324;736;412;-226
102043;701;117;409;1227;818;-584
102044;501;1283;2028;3812;1784;782
102045;147;32;123;302;179;-115
102046;200;76;234;510;276;-124
102047;1620;11202;11819;24641;12822;9582
102048;169;33;123;325;202;-136
102049;273;120;462;855;393;-153
102050;361;141;472;974;502;-220
103001;116;16;42;174;132;-100
103002;109;292;129;530;401;183
103003;792;128;169;1089;920;-664
103004;97;26;25;148;123;-71
103005;25;2;5;32;27;-23
103006;239;193;187;619;432;-46
103007;137;59;56;252;196;-78
103008;1343;1040;1087;3470;2383;-303
103009;278;84;40;402;362;-194
103010;186;106;60;352;292;-80
103011;517;371;146;1034;888;-146
103012;49;35;19;103;84;-14
103013;264;48;62;374;312;-216
103014;175;23;57;255;198;-152
103015;614;294;173;1081;908;-320
103016;183;202;185;570;385;19
103017;401;431;1198;2030;832;30
103018;48;7;8;63;55;-41
103019;1377;587;486;2450;1964;-790
103020;39;11;10;60;50;-28
103021;90;9;19;118;99;-81
103022;207;151;82;440;358;-56
103023;243;10;22;275;253;-233
103024;148;79;84;311;227;-69
103025;1466;833;747;3046;2299;-633
103026;322;373;350;1045;695;51
103027;13;1;9;23;14;-12
103028;2667;4767;5567;13001;7434;2100
103029;199;92;181;472;291;-107
103030;17;4;4;25;21;-13
103031;65;46;125;236;111;-19
103032;86;14;9;109;100;-72
103033;762;233;228;1223;995;-529
103034;241;74;130;445;315;-167
103035;2059;2436;1806;6301;4495;377
103036;18;6;20;44;24;-12
103037;36;3;7;46;39;-33
103038;80;18;14;112;98;-62
103039;61;51;187;299;112;-10
103040;167;7;10;184;174;-160
103041;240;94;186;520;334;-146
103042;509;266;178;953;775;-243
103043;49;1;6;56;50;-48
103044;755;295;365;1415;1050;-460
103045;154;55;8;217;209;-99
103046;417;113;142;672;530;-304
103047;135;21;35;191;156;-114
103048;386;93;74;553;479;-293
103049;200;371;104;675;571;171
103050;3041;3552;4879;11472;6593;511
103051;1018;580;742;2340;1598;-438
103052;426;302;109;837;728;-124
103053;431;779;253;1463;1210;348
103054;767;388;433;1588;1155;-379
103055;236;111;93;440;347;-125
103056;149;64;111;324;213;-85
103057;624;293;313;1230;917;-331
103058;97;22;21;140;119;-75
103059;127;18;39;184;145;-109
103060;118;43;96;257;161;-75
103061;580;92;106;778;672;-488
103062;178;366;285;829;544;188
103063;51;19;7;77;70;-32
103064;875;1813;1295;3983;2688;938
103065;164;27;105;296;191;-137
103066;88;10;32;130;98;-78
103067;34;41;25;100;75;7
103068;577;295;192;1064;872;-282
103069;387;58;267;712;445;-329
103070;111;129;79;319;240;18
103071;419;106;410;935;525;-313
103072;3050;8656;10823;22529;11706;5606
103073;48;3;8;59;51;-45
103074;536;109;119;764;645;-427
103075;1729;1430;1204;4363;3159;-299
103076;48;17;24;89;65;-31
103077;586;314;257;1157;900;-272
104001;330;108;390;828;438;-222
104002;100;100;252;452;200;0
104003;182;45;528;755;227;-137
104004;613;1978;4616;7207;2591;1365
104005;240;168;511;919;408;-72
104006;400;101;834;1335;501;-299
104007;176;69;120;365;245;-107
104008;257;200;1270;1727;457;-57
104009;600;502;1292;2394;1102;-98
104010;627;440;1237;2304;1067;-187
104011;319;220;538;1077;539;-99
104012;340;246;4287;4873;586;-94
104013;800;241;508;1549;1041;-559
104014;403;109;422;934;512;-294
104015;540;80;567;1187;620;-460
104016;509;93;531;1133;602;-416
104017;1701;5708;24523;31932;7409;4007
104018;562;237;907;1706;799;-325
104019;332;80;522;934;412;-252
104020;283;678;1331;2292;961;395
104021;359;75;277;711;434;-284
104022;254;284;1739;2277;538;30
104023;449;465;1278;2192;914;16
104024;550;78;377;1005;628;-472
104025;982;2000;5289;8271;2982;1018
104026;165;194;580;939;359;29
105001;442;113;626;1181;555;-329
105002;566;138;1006;1710;704;-428
105003;529;140;791;1460;669;-389
105004;301;126;481;908;427;-175
105005;168;84;94;346;252;-84
105006;209;56;450;715;265;-153
105007;429;93;163;685;522;-336
105008;503;131;474;1108;634;-372
105009;311;490;977;1778;801;179
105010;347;1884;2031;4262;2231;1537
105011;214;79;267;560;293;-135
105012;410;151;395;956;561;-259
105013;98;23;174;295;121;-75
105014;138;309;623;1070;447;171
105015;42;121;502;665;163;79
105016;135;35;285;455;170;-100
105017;365;76;1192;1633;441;-289
105018;588;2601;4182;7371;3189;2013
105019;184;41;198;423;225;-143
105020;227;63;391;681;290;-164
105021;146;21;207;374;167;-125
105022;49;15;92;156;64;-34
105023;519;96;906;1521;615;-423
106001;836;427;1491;2754;1263;-409
106002;226;165;309;700;391;-61
106003;190;87;120;397;277;-103
106004;406;94;300;800;500;-312
106005;66;14;30;110;80;-52
106006;219;66;229;514;285;-153
106007;1119;185;1426;2730;1304;-934
106008;1581;1239;3262;6082;2820;-342
106009;58;16;22;96;74;-42
106010;348;180;349;877;528;-168
106011;568;104;624;1296;672;-464
106012;142;29;84;255;171;-113
106013;1019;279;1078;2376;1298;-740
106014;1359;1968;2057;5384;3327;609
106015;1303;2273;2441;6017;3576;970
106016;769;229;919;1917;998;-540
106017;301;63;199;563;364;-238
106018;1829;694;1975;4498;2523;-1135
106019;1194;353;936;2483;1547;-841
106020;35;12;15;62;47;-23
106021;160;58;85;303;218;-102
106022;182;91;162;435;273;-91
106023;78;46;51;175;124;-32
106024;131;64;70;265;195;-67
106025;1786;1935;4120;7841;3721;149
106026;446;404;663;1513;850;-42
106027;180;92;109;381;272;-88
106028;249;46;282;577;295;-203
107001;121;64;253;438;185;-57
107002;307;137;662;1106;444;-170
107003;3220;3394;8178;14792;6614;174
107004;215;233;1883;2331;448;18
107005;1346;376;1318;3040;1722;-970
107006;366;59;724;1149;425;-307
107007;364;237;436;1037;601;-127
107008;1056;523;975;2554;1579;-533
107009;3226;3421;8888;15535;6647;195
107010;216;116;224;556;332;-100
107011;434;85;212;731;519;-349
107012;600;167;736;1503;767;-433
107013;280;151;310;741;431;-129
107014;297;51;229;577;348;-246
107015;181;62;117;360;243;-119
107016;579;3086;1513;5178;3665;2507
107017;1308;380;1000;2688;1688;-928
107018;472;370;841;1683;842;-102
107019;390;179;534;1103;569;-211
107020;1074;837;2997;4908;1911;-237
107021;242;75;202;519;317;-167
107022;745;275;750;1770;1020;-470
107023;230;65;172;467;295;-165
108001;4822;12457;2978;20257;17279;7635
108002;907;483;213;1603;1390;-424
108003;2626;1339;968;4933;3965;-1287
108004;6364;5471;3271;15106;11835;-893
108005;2409;1736;1008;5153;4145;-673
108006;2609;1959;1287;5855;4568;-650
108007;4460;1632;1698;7790;6092;-2828
108008;5492;3653;3189;12334;9145;-1839
108009;4615;3284;1855;9754;7899;-1331
108010;6949;2694;2786;12429;9643;-4255
108011;2376;969;951;4296;3345;-1407
108012;12358;6104;6438;24900;18462;-6254
108013;1534;1342;665;3541;2876;-192
108014;1105;224;144;1473;1329;-881
108015;5990;7401;3946;17337;13391;1411
108016;2940;948;944;4832;3888;-1992
108017;2897;2195;1302;6394;5092;-702
108018;2600;1394;990;4984;3994;-1206
108019;12662;7306;7646;27614;19968;-5356
108020;3486;1028;1200;5714;4514;-2458
108021;5423;5445;3305;14173;10868;22
108022;1269;249;324;1842;1518;-1020
108023;13637;11146;9172;33955;24783;-2491
108024;8497;6220;5365;20082;14717;-2277
108025;3068;1179;1413;5660;4247;-1889
108026;3525;1683;1126;6334;5208;-1842
108027;12028;6025;6551;24604;18053;-6003
108028;14992;8929;9820;33741;23921;-6063
108029;2819;1958;989;5766;4777;-861
108030;7841;6311;5225;19377;14152;-1530
108031;1551;1061;787;3399;2612;-490
108032;2350;1389;713;4452;3739;-961
108033;30382;39882;33855;104119;70264;9500
108034;9172;3816;3983;16971;12988;-5356
108035;7776;5300;3834;16910;13076;-2476
108036;2113;1316;786;4215;3429;-797
108037;1672;987;724;3383;2659;-685
108038;1500;1052;583;3135;2552;-448
108039;13619;11454;9881;34954;25073;-2165
108040;9029;3221;3764;16014;12250;-5808
108041;3215;1786;1281;6282;5001;-1429
108042;1809;972;631;3412;2781;-837
108043;3530;1090;1346;5966;4620;-2440
108044;4127;2765;1893;8785;6892;-1362
108045;4828;2789;2086;9703;7617;-2039
108046;2907;1459;1026;5392;4366;-1448
108047;1684;1436;827;3947;3120;-248
108048;3574;1883;1442;6899;5457;-1691
108049;5092;3444;2422;10958;8536;-1648
108050;7027;15507;5631;28165;22534;8480
108051;2541;2952;1215;6708;5493;411
108052;2198;1830;885;4913;4028;-368
108053;3690;1744;2058;7492;5434;-1946
108054;5441;3274;2643;11358;8715;-2167
108055;1927;967;520;3414;2894;-960
109001;1127;458;548;2133;1585;-669
109002;643;455;1059;2157;1098;-188
109003;228;106;46;380;334;-122
109004;500;336;441;1277;836;-164
109005;767;618;802;2187;1385;-149
109006;5546;9838;12176;27560;15384;4292
109007;314;60;149;523;374;-254
109008;797;755;783;2335;1552;-42
109009;354;111;171;636;465;-243
109010;488;505;238;1231;993;17
109011;292;173;135;600;465;-119
109012;157;53;134;344;210;-104
109013;388;316;439;1143;704;-72
109014;101;42;46;189;143;-59
109015;371;76;204;651;447;-295
109016;255;193;126;574;448;-62
109017;1339;1459;2044;4842;2798;120
109018;2290;1835;4809;8934;4125;-455
109019;126;92;41;259;218;-34
109020;239;60;121;420;299;-179
109021;116;32;64;212;148;-84
109022;540;470;515;1525;1010;-70
109023;529;511;787;1827;1040;-18
109024;1763;1487;2466;5716;3250;-276
109025;121;44;49;214;165;-77
109026;267;154;110;531;421;-113
109027;258;105;166;529;363;-153
109028;197;147;71;415;344;-50
109029;164;241;207;612;405;77
109030;790;522;586;1898;1312;-268
109031;566;444;525;1535;1010;-122
109032;526;304;302;1132;830;-222
109033;3751;3058;3614;10423;6809;-693
109034;4506;3855;8513;16874;8361;-651
109035;544;474;474;1492;1018;-70
109036;348;170;327;845;518;-178
109037;4114;3277;4648;12039;7391;-837
109038;554;429;546;1529;983;-125
109039;128;23;33;184;151;-105
109040;564;176;398;1138;740;-388
110001;6352;3845;37989;48186;10197;-2507
110002;5956;5343;35850;47149;11299;-613
110003;6281;2404;18579;27264;8685;-3877
110004;1987;1064;9950;13001;3051;-923
110005;1396;1587;3388;6371;2983;191
110006;808;345;2784;3937;1153;-463
110007;1420;899;5085;7404;2319;-521
110008;741;301;1978;3020;1042;-440
110009;5205;3788;19714;28707;8993;-1417
110010;1616;1115;4353;7084;2731;-501
